216
0 797 504 765 499 299 565 149 443 483 772 776 296 653 291 223 296 591 420 302 929 231 762 384 320 479 743 634 388 689 517 265 636 266 499 819 647 648 665 112 410 276 773 194 758 599 151 552 350 198 574 290 405 468 215 227 246 159 867 290 408 764 768 243 168 680 196 626 811 634 547 580 755 398 216 793 622 738 945 636 378 386 701 511 257 951 346 457 657 465 325 162 181 304 91 654 333 614 634 591 689 617 428 247 280 268 636 337 264 426 805 352 411 711 627 160 166 746 636 659 601 67 34 571 458 457 175 634 52 715 462 408 477 44 715 657 182 823 472 532 731 866 778 904 648 270 577 373 799 604 703 464 474 507 648 606 330 469 837 156 532 324 449 242 348 253 897 368 480 857 776 364 628 578 692 228 400 528 234 270 260 380 328 286 315 549 156 615 446 431 318 210 487 298 300 652 405 685 848 224 488 184 407 417 490 635 774 528 431 697 172 304 288 330 616 720
797 0 301 138 468 499 657 745 369 577 44 648 1093 222 527 831 859 541 717 855 141 729 703 569 1095 407 130 646 699 329 631 634 610 650 624 161 779 625 148 857 770 521 311 918 429 748 707 458 609 770 702 810 827 625 1004 901 789 836 75 1087 676 219 757 588 843 419 840 547 47 615 290 349 188 469 1013 144 510 82 148 671 472 597 352 683 1053 176 692 372 247 777 578 640 868 537 782 220 828 482 166 414 792 474 672 962 707 633 637 669 849 373 99 801 411 254 591 637 924 316 403 717 768 860 831 589 414 715 772 231 746 390 703 811 374 831 143 358 691 115 840 275 663 152 326 108 286 547 324 429 111 196 261 755 421 336 712 204 1059 329 69 656 292 474 432 874 853 667 117 482 715 71 27 819 170 498 107 849 696 414 1029 976 537 428 613 555 949 543 668 660 475 429 960 600 748 534 560 659 556 170 54 1013 652 613 718 400 836 769 181 847 423 721 861 493 810 1030 191 542
504 301 0 263 234 218 544 476 148 335 270 527 797 164 266 576 565 461 449 618 425 430 559 376 794 256 288 459 425 260 398 336 540 410 485 319 676 448 161 577 577 235 323 617 373 632 406 256 402 513 585 517 624 375 706 601 491 566 365 791 407 280 602 287 542 312 578 375 308 434 179 175 328 266 719 292 454 234 450 588 254 322 386 444 761 469 408 179 271 603 286 343 567 291 502 246 603 426 154 243 597 422 408 661 413 335 453 458 552 114 335 516 187 328 521 346 644 396 268 526 648 564 537 490 144 457 471 232 452 423 447 611 104 535 264 357 390 356 658 120 516 363 333 404 195 246 149 131 295 105 236 584 164 81 624 101 758 83 352 376 156 192 161 619 564 425 392 259 556 354 284 534 146 307 206 549 424 305 732 675 247 128 324 254 652 440 368 463 310 239 663 301 495 281 261 477 373 184 347 715 408 325 447 173 575 663 342 593 231 545 559 202 574 730 156 423
765 138 263 0 365 481 728 738 380 470 96 511 1054 120 524 835 780 620 617 872 189 659 568 604 1042 451 246 519 604 196 517 565 695 662 684 57 857 496 113 840 810 498 173 860 291 820 654 344 638 773 773 730 862 518 960 836 715 829 151 1048 578 81 623 535 783 286 839 420 102 487 335 240 308 495 978 29 597 78 246 753 491 507 458 571 1022 297 603 395 337 826 503 602 808 544 765 305 851 567 197 295 664 560 571 900 629 563 510 698 775 366 235 712 424 362 676 608 907 432 276 589 839 822 797 663 333 610 710 308 712 498 597 848 300 793 246 453 633 252 886 296 529 101 188 187 166 499 222 392 42 180 128 805 333 264 794 165 995 323 206 639 326 455 350 878 766 678 154 500 769 135 150 728 195 377 166 780 599 476 988 911 510 384 533 497 873 614 621 535 519 459 885 557 639 536 495 530 596 80 144 968 543 588 620 411 730 845 307 736 451 590 801 465 826 961 231 407
499 468 234 365 0 320 739 540 352 109 426 323 754 249 388 651 427 675 252 713 554 325 340 544 718 467 501 228 240 210 168 243 752 529 673 401 868 222 323 601 721 318 296 535 259 820 356 53 554 592 776 378 755 156 655 499 372 617 510 750 213 323 376 259 459 181 641 159 453 206 411 124 550 447 688 385 675 386 605 793 427 149 620 218 738 644 245 388 504 759 177 351 481 427 538 477 714 649 368 96 363 645 206 566 284 241 223 598 427 304 533 351 375 560 734 378 663 629 140 293 834 539 525 695 97 247 387 464 450 657 235 747 130 513 481 590 327 555 803 353 299 456 296 549 201 249 144 233 407 306 253 744 71 155 826 280 655 300 533 433 388 306 87 689 405 537 519 427 726 496 462 366 360 92 404 440 235 524 688 572 317 209 191 218 521 647 343 230 505 436 534 302 279 412 200 247 549 300 498 662 185 371 255 364 368 854 562 379 427 315 477 289 675 615 381 237
299 499 218 481 320 0 437 258 148 372 477 643 595 379 67 361 444 401 415 410 633 306 655 231 609 219 445 532 380 450 432 234 471 211 367 537 560 533 374 360 401 25 525 445 547 510 242 368 235 299 469 404 437 389 511 445 365 348 570 589 378 495 683 153 378 473 361 478 516 517 254 344 461 159 515 509 416 444 646 499 133 303 437 458 553 652 346 170 369 439 229 151 403 108 285 361 402 397 335 386 643 396 390 495 315 235 529 278 421 126 506 431 127 426 455 139 427 472 425 585 522 363 333 407 235 439 319 341 249 460 435 428 231 335 417 395 240 524 483 234 615 580 534 607 394 115 330 99 511 310 444 424 261 248 527 316 592 170 538 159 237 25 237 403 465 222 602 128 409 561 477 450 329 412 393 405 387 280 533 514 43 119 266 155 514 365 194 524 223 171 523 130 480 92 179 552 240 402 551 520 422 114 407 128 535 546 480 564 166 615 394 31 368 573 316 556
565 657 544 728 739 437 0 419 396 807 665 1059 791 684 375 407 829 121 849 367 790 707 1080 209 861 289 533 963 813 801 869 659 92 302 71 782 132 960 620 526 208 452 851 760 917 92 618 779 225 385 45 802 262 827 750 787 756 464 728 784 814 784 1113 578 721 855 437 897 698 944 396 718 494 291 716 753 162 656 755 71 313 741 336 896 724 718 775 364 410 174 666 524 740 335 482 436 317 184 531 780 1080 192 827 812 732 661 959 228 799 441 592 844 365 420 97 486 564 392 810 1020 111 624 590 69 643 875 691 427 547 314 872 245 621 609 514 310 633 597 233 446 1038 799 864 749 734 549 693 507 735 563 764 155 670 617 90 591 892 460 646 439 409 442 652 433 865 312 773 314 111 728 629 862 534 829 568 771 821 252 752 836 463 531 701 590 872 114 574 958 235 307 877 539 915 350 616 982 197 674 708 758 860 468 839 377 962 119 511 995 315 1048 730 468 337 895 496 961
149 745 476 738 540 258 419 0 376 553 727 846 394 638 218 111 437 456 526 180 883 345 842 253 447 378 670 713 490 701 599 343 494 130 355 795 498 722 630 124 263 245 780 343 789 450 250 592 213 59 426 423 264 549 336 376 376 91 818 387 504 754 857 287 315 712 103 686 766 707 469 592 670 298 313 767 491 697 887 490 284 460 591 604 336 883 447 379 568 317 387 194 330 211 63 572 198 487 579 622 790 490 522 394 386 346 713 190 405 375 735 479 336 617 486 162 184 641 664 750 451 204 171 430 474 560 305 553 146 599 562 264 481 191 642 547 277 751 329 470 807 837 787 854 650 291 582 355 767 564 701 316 496 503 500 573 473 420 774 107 459 284 470 149 485 113 854 273 331 810 721 493 575 628 637 371 501 417 344 418 237 370 404 323 463 414 225 698 331 336 467 239 595 212 346 732 274 660 798 345 575 169 513 345 613 485 690 650 339 786 320 278 152 477 555 774
443 369 148 380 352 148 396 376 0 437 354 665 739 304 159 462 582 322 519 493 508 443 691 230 757 114 300 581 487 408 501 359 400 284 336 438 528 575 266 491 434 174 468 593 522 483 388 387 260 401 437 539 484 467 657 592 504 466 443 732 478 415 729 286 525 459 470 507 393 559 106 321 313 119 657 409 322 327 511 444 111 394 301 539 693 510 460 36 221 456 334 300 551 168 416 212 471 297 204 384 710 294 485 643 443 360 576 318 562 49 363 557 43 279 382 286 556 330 413 644 499 509 477 346 255 535 464 193 395 329 528 470 227 481 272 262 383 380 513 94 649 473 480 478 343 242 297 139 402 200 381 437 281 220 479 218 740 65 399 292 89 127 266 505 596 301 480 119 407 436 345 576 201 438 261 549 491 172 677 662 191 160 374 272 658 296 341 580 161 90 667 275 576 164 290 600 225 309 423 666 502 260 513 31 644 515 332 669 82 667 541 157 447 721 179 565
483 577 335 470 109 372 807 553 437 0 535 294 708 357 439 663 348 755 151 732 659 274 290 603 657 549 610 162 149 299 64 218 830 567 738 502 932 169 433 592 763 362 379 478 312 883 332 128 606 609 840 302 791 48 609 435 307 619 617 704 119 421 311 266 407 243 648 145 561 154 508 230 658 518 649 488 759 495 712 865 494 96 719 109 701 753 168 473 606 806 165 358 426 480 538 581 741 734 476 181 274 732 106 501 225 214 161 643 355 387 643 262 452 663 812 392 649 731 216 213 895 511 503 770 191 140 341 567 440 754 127 784 231 487 589 687 301 665 844 452 254 558 377 656 304 274 253 304 513 414 352 793 171 261 896 389 584 392 643 452 484 365 175 697 316 572 624 493 781 603 571 274 467 117 514 376 140 609 643 504 356 280 154 235 442 723 335 152 579 512 454 314 170 464 210 182 611 408 606 615 75 392 158 443 260 918 669 269 505 242 423 341 698 540 487 241
772 44 270 96 426 477 665 727 354 535 0 604 1067 179 509 816 823 552 677 845 156 694 659 564 1065 404 154 601 659 285 588 599 623 637 628 129 790 581 112 837 767 498 270 887 386 757 677 415 602 755 711 774 822 583 977 868 753 818 94 1061 636 178 713 557 811 375 824 503 39 570 285 306 216 460 988 107 524 40 182 683 461 558 373 641 1029 218 653 361 260 777 542 613 836 522 761 230 820 495 151 370 748 488 631 930 670 598 593 662 814 353 138 763 397 276 604 612 903 343 359 673 776 833 806 598 376 674 739 238 721 413 661 807 337 805 160 374 659 156 840 261 619 134 285 133 242 517 282 401 77 168 216 756 381 299 724 171 1027 308 113 635 283 451 393 860 814 655 126 470 717 84 53 780 153 454 99 814 656 417 1002 943 512 398 576 522 913 551 639 616 472 421 925 572 705 517 526 614 552 127 77 985 610 589 678 385 795 779 213 804 414 677 829 468 799 996 181 498
776 648 527 511 323 643 1059 846 665 294 604 0 981 447 710 957 595 987 385 1024 670 557 68 867 915 779 731 148 407 321 262 512 1065 849 994 511 1189 129 540 887 1043 639 346 748 224 1142 625 279 877 902 1097 557 1075 310 884 697 577 914 655 978 379 433 124 559 683 234 943 164 613 142 704 355 791 768 930 514 982 573 744 1109 748 390 900 285 983 804 441 700 774 1082 459 651 698 750 833 743 1030 954 619 283 213 950 359 759 506 509 144 921 612 619 739 499 693 822 1046 684 942 895 266 165 1156 800 794 1012 416 351 624 735 734 939 340 1067 438 777 720 877 594 759 1125 644 56 558 333 686 378 560 384 556 547 559 388 1067 389 447 1144 527 828 606 717 743 682 630 409 992 546 856 640 749 1049 640 655 504 611 231 631 641 394 832 919 756 636 532 449 524 679 962 629 173 824 753 691 606 344 735 500 135 871 491 653 889 296 682 398 681 416 1175 796 395 744 136 698 612 989 779 644 108
296 1093 797 1054 754 595 791 394 739 708 1067 981 0 939 584 385 393 846 596 440 1223 434 950 647 114 766 1039 832 574 958 721 511 875 524 736 1106 839 853 958 272 596 572 1044 233 1011 798 404 804 606 410 787 425 563 677 99 286 404 328 1161 7 603 1046 940 520 300 934 354 852 1105 841 842 852 1049 684 82 1082 883 1031 1241 860 667 617 984 696 70 1248 542 752 950 648 578 454 283 592 336 948 489 880 930 850 842 884 622 230 482 513 837 572 371 722 1101 487 706 1002 870 456 227 1032 894 836 793 233 262 815 733 631 368 929 346 993 641 574 759 262 1011 940 429 1119 626 829 929 1156 1047 1200 926 555 854 666 1090 899 982 657 745 792 860 899 211 766 1134 448 827 620 721 365 449 507 1190 656 687 1151 1072 487 924 818 989 340 587 809 66 243 556 671 565 560 331 804 432 809 724 720 323 497 646 588 568 847 669 974 1143 93 686 481 582 712 606 829 1068 642 721 875 284 600 457 256 912 948
653 222 164 120 249 379 684 638 304 357 179 447 939 0 430 740 660 588 501 783 307 539 495 534 923 396 284 426 486 130 408 445 666 575 632 168 816 407 93 733 738 394 167 741 248 775 537 236 563 677 728 610 787 405 844 716 595 727 261 933 461 115 547 418 664 213 741 328 204 396 291 126 343 423 863 145 572 140 356 720 414 387 461 461 909 397 484 328 335 760 383 490 688 456 660 302 767 543 177 192 573 537 455 780 509 443 418 620 654 278 300 593 346 377 647 499 800 450 187 497 793 708 684 625 213 496 591 298 600 502 483 773 181 679 272 445 515 321 818 238 453 220 179 300 69 384 104 285 161 125 79 741 212 146 759 94 875 240 290 535 275 355 229 783 646 589 272 421 710 246 220 609 170 276 184 659 482 434 872 791 404 273 412 379 753 574 506 439 459 392 764 443 527 446 376 440 529 52 249 852 431 480 503 332 617 804 349 626 383 505 682 360 738 840 206 339
291 527 266 524 388 67 375 218 159 439 509 710 584 430 0 311 479 350 473 353 665 346 722 167 610 192 458 599 437 510 498 285 415 148 304 581 495 600 413 332 334 77 583 458 611 445 269 435 168 249 405 444 372 454 506 466 402 309 600 577 438 546 750 204 398 538 315 546 548 584 258 406 465 116 502 553 370 480 670 439 92 366 416 522 535 669 401 167 366 371 291 171 422 41 257 364 341 354 361 451 707 354 451 510 363 288 596 210 454 158 521 478 122 420 400 144 397 457 490 651 456 358 325 350 301 499 347 344 247 433 496 361 294 332 429 372 275 538 416 253 682 621 592 636 452 173 390 162 551 347 499 356 327 307 466 358 604 202 558 136 245 83 304 354 507 160 636 83 342 592 503 496 357 480 419 433 445 247 524 531 87 184 325 214 542 311 220 591 176 142 550 169 539 25 240 619 178 447 580 515 487 118 464 130 589 481 484 620 141 681 412 98 309 591 337 623
223 831 576 835 651 361 407 111 462 663 816 957 385 740 311 0 520 472 630 78 971 444 952 292 463 442 745 823 594 809 708 451 493 182 355 893 458 833 724 134 213 350 886 400 899 414 352 704 247 62 402 513 191 659 353 444 468 69 905 377 610 856 966 398 390 822 32 797 855 818 545 700 738 367 312 864 512 789 968 475 359 570 638 712 317 958 552 459 635 267 497 305 400 294 136 643 115 514 666 732 896 519 629 447 489 455 824 199 488 469 811 573 419 678 489 273 158 691 774 858 411 257 231 436 584 665 396 625 241 638 668 197 588 255 718 595 381 825 258 556 918 932 894 939 756 402 689 460 862 657 806 273 606 609 475 670 510 513 854 218 539 385 580 43 572 164 943 349 302 898 805 586 663 739 723 451 606 469 350 471 344 477 513 435 531 432 332 808 384 407 532 351 698 299 457 842 312 759 885 361 684 280 616 431 710 447 757 747 411 895 392 384 74 525 639 886
296 859 565 780 427 444 829 437 582 348 823 595 393 660 479 520 0 827 212 599 967 139 559 626 319 663 850 447 200 637 344 229 886 529 758 823 926 470 711 398 700 419 722 164 661 877 212 467 604 492 846 49 700 308 301 108 78 454 915 391 231 749 547 296 132 591 492 484 856 461 685 546 881 595 357 804 849 783 1006 898 570 278 880 310 409 1033 183 611 800 753 280 309 130 512 386 785 630 834 718 519 449 834 247 165 152 229 453 609 32 543 900 95 570 859 873 344 427 912 559 444 881 275 291 819 448 244 137 767 291 904 256 701 486 268 824 839 205 921 766 646 541 878 721 955 625 340 559 455 822 668 679 750 447 523 916 655 236 574 916 390 663 458 431 535 58 521 932 562 758 902 846 94 711 466 771 70 211 723 337 161 402 446 247 316 94 786 259 422 656 614 106 313 254 499 304 460 643 706 900 304 307 366 200 569 216 913 897 254 610 483 135 426 584 191 714 577
591 541 461 620 675 401 121 456 322 755 552 987 846 588 350 472 827 0 816 448 671 696 1014 207 903 208 415 903 782 710 818 634 78 327 124 672 238 897 517 575 302 421 754 782 829 209 615 710 243 436 165 794 361 780 792 801 751 519 610 839 778 681 1052 552 733 772 498 829 583 882 297 636 374 242 767 645 43 546 634 133 268 699 215 851 783 596 747 287 293 281 629 517 754 314 518 321 402 62 425 704 1029 70 789 835 713 636 898 274 800 371 472 828 302 299 59 483 622 271 729 965 229 655 621 52 578 839 691 314 563 195 834 343 550 636 397 189 624 476 344 352 971 686 767 630 643 516 610 450 624 464 668 259 604 539 173 494 921 381 527 446 314 399 588 505 857 342 656 272 213 611 513 847 429 761 457 776 788 156 799 857 435 474 667 556 882 42 567 901 178 242 889 520 879 328 580 922 187 572 590 801 815 461 808 311 936 228 390 966 249 989 744 428 411 918 391 885
420 717 449 617 252 415 849 526 519 151 677 385 596 501 473 630 212 816 0 705 806 189 355 639 530 622 736 237 36 451 133 192 886 575 777 652 965 259 570 533 767 397 531 362 457 914 277 279 631 585 876 171 784 104 499 311 194 574 762 593 42 572 352 271 301 392 608 274 705 249 606 377 778 574 548 637 828 636 857 913 548 128 817 100 601 894 78 553 714 816 187 342 314 514 494 693 723 807 600 332 268 806 45 374 141 189 242 656 226 471 775 117 523 773 870 381 580 837 367 244 923 429 431 822 309 36 251 677 389 848 45 781 351 411 713 780 248 797 844 556 333 708 528 801 453 301 396 379 660 541 502 807 297 386 939 520 448 488 781 441 583 418 291 657 170 574 772 544 803 748 709 126 592 266 644 255 28 684 535 372 385 360 149 260 301 780 301 212 638 579 313 314 69 498 236 251 652 552 750 504 96 391 14 517 126 951 792 150 572 283 314 388 678 401 606 366
302 855 618 872 713 410 367 180 493 732 845 1024 440 783 353 78 599 448 705 0 996 521 1022 294 527 455 761 894 670 860 779 524 457 209 325 930 399 902 759 209 160 403 935 477 955 359 428 765 250 122 354 592 122 730 420 521 546 146 930 433 685 898 1038 466 469 880 108 863 884 887 566 754 747 386 374 901 490 820 987 431 384 641 632 785 370 972 627 484 645 209 566 375 479 328 214 657 50 497 694 790 971 503 703 522 565 527 893 193 566 507 827 651 449 683 457 340 219 687 832 931 353 334 310 406 641 740 474 640 318 628 742 134 641 333 735 592 456 839 187 584 987 966 944 962 804 465 740 510 895 692 852 220 664 658 425 707 581 549 873 281 563 432 639 76 651 193 970 374 256 925 829 664 692 803 749 529 681 472 413 547 399 529 585 500 608 412 406 879 391 426 609 418 774 336 524 913 312 797 910 427 756 343 692 461 788 389 767 825 432 966 470 436 45 599 664 950
929 141 425 189 554 633 790 883 508 659 156 670 1223 307 665 971 967 671 806 996 0 842 732 710 1218 548 256 698 793 375 704 747 737 790 761 162 909 674 264 993 910 654 325 1039 446 881 830 532 750 910 836 917 967 707 1132 1018 900 974 65 1216 767 246 788 710 962 461 979 600 117 666 431 429 302 610 1144 171 638 191 81 799 613 695 471 758 1185 151 791 512 380 916 687 768 987 677 918 356 969 611 304 482 840 603 761 1080 815 746 689 810 960 509 201 900 551 375 719 769 1060 427 459 766 900 989 962 721 518 799 890 369 877 506 786 951 482 961 276 484 811 203 980 415 695 112 337 43 355 671 411 556 146 324 311 894 519 445 840 324 1176 464 146 792 433 608 535 1014 954 808 34 623 853 72 167 917 308 563 247 963 788 552 1158 1093 669 553 719 674 1058 677 793 716 616 570 1070 726 827 673 675 707 697 260 86 1140 731 746 810 540 919 899 290 924 564 764 980 624 951 1144 332 572
231 729 430 659 325 306 707 345 443 274 694 557 434 539 346 444 139 696 189 521 842 0 536 500 393 526 713 411 157 534 295 95 758 414 636 705 813 428 582 344 598 282 620 210 577 762 95 372 483 404 729 98 608 248 335 177 61 386 787 430 180 635 539 157 135 502 421 419 729 415 545 434 743 460 375 684 716 655 877 775 435 182 742 282 428 900 117 472 661 650 156 182 156 382 308 646 543 699 583 421 458 700 200 243 51 96 414 496 122 404 764 137 431 720 744 221 391 773 464 430 769 243 242 692 325 226 67 628 203 766 231 607 359 223 686 700 74 785 671 508 509 758 621 827 512 201 442 317 699 535 567 644 329 397 797 524 336 435 783 274 524 319 309 469 160 410 807 428 646 775 714 154 575 384 637 120 170 586 369 252 265 308 133 178 221 656 133 390 522 477 232 177 256 367 169 428 516 582 771 341 263 239 175 430 268 799 759 305 473 468 152 288 498 302 577 515
762 703 559 568 340 655 1080 842 691 290 659 68 950 495 722 952 559 1014 355 1022 732 536 0 883 878 806 780 128 381 374 245 502 1092 856 1013 572 1209 121 589 874 1051 648 407 717 286 1161 611 304 890 899 1116 525 1080 294 854 664 550 906 714 947 355 491 57 556 656 284 936 184 670 138 738 393 838 788 903 572 1012 626 805 1133 767 382 939 255 956 863 419 727 816 1092 455 647 670 763 824 785 1031 985 663 319 149 981 336 724 485 498 128 930 579 643 792 464 716 865 1073 682 926 938 309 116 1173 780 777 1036 437 319 602 776 723 978 309 1073 464 759 767 914 580 812 1133 679 43 620 395 746 426 564 423 574 605 601 442 1079 410 479 1167 570 788 635 773 742 716 644 428 985 507 861 702 768 1064 699 708 466 655 253 680 610 368 861 890 719 644 549 439 525 639 987 621 146 846 776 650 604 305 747 500 110 888 542 711 858 274 682 368 705 367 1195 845 343 768 79 670 623 988 738 686 161
384 569 376 604 544 231 209 253 230 603 564 867 647 534 167 292 626 207 639 294 710 500 883 0 699 162 468 762 603 636 664 449 259 123 137 662 329 762 491 376 205 244 698 574 746 279 414 588 45 244 238 596 258 621 588 594 552 326 644 640 605 645 913 368 527 678 313 703 601 745 279 541 452 111 567 633 238 544 696 275 123 533 345 689 587 677 565 209 350 226 458 318 548 125 314 363 261 233 414 596 874 236 618 627 523 452 759 102 598 263 533 636 189 388 247 281 430 398 630 816 291 449 414 193 451 666 489 347 356 348 663 243 435 429 442 303 426 545 283 308 842 691 709 674 572 340 520 310 622 425 611 207 478 439 299 447 714 295 581 240 281 239 457 332 660 140 686 119 183 640 542 654 414 635 465 572 611 178 597 650 254 335 492 381 677 165 368 755 96 145 683 329 706 141 407 782 21 537 624 597 653 261 629 202 753 315 472 785 153 846 538 262 250 710 382 774
320 1095 794 1042 718 609 861 447 757 657 1065 915 114 923 610 463 319 903 530 527 1218 393 878 699 0 799 1054 767 514 927 661 481 940 576 800 1091 921 790 954 335 676 584 1013 183 968 877 388 765 660 475 862 359 649 621 111 222 349 398 1160 118 545 1025 863 508 260 894 430 798 1102 780 862 826 1070 719 153 1068 937 1027 1244 931 699 573 1022 630 174 1257 488 774 974 730 547 459 237 625 384 969 574 931 936 814 760 934 563 156 435 483 772 635 304 733 1113 415 728 1030 933 471 307 1066 857 762 874 253 287 877 712 563 333 950 363 1035 575 659 742 278 1026 978 408 1132 715 842 861 1143 1015 1199 902 547 832 665 1080 898 958 736 719 777 936 894 103 774 1141 477 846 632 698 450 370 561 1184 688 762 1148 1076 412 930 772 994 281 526 848 113 158 567 666 527 545 242 861 426 742 766 751 232 494 573 618 547 780 720 963 1142 103 625 497 518 733 521 910 1089 555 751 801 242 607 537 152 922 893
479 407 256 451 467 219 289 378 114 549 404 779 766 396 192 442 663 208 622 455 548 526 806 162 799 0 306 695 589 511 613 451 286 260 235 508 421 689 340 501 363 244 563 650 628 379 457 501 204 387 332 624 419 578 693 657 585 463 482 759 583 500 843 372 589 568 458 621 441 673 118 431 295 81 684 479 209 386 533 332 100 500 223 649 712 517 559 78 192 374 435 361 613 174 430 202 423 185 257 497 823 183 591 703 533 452 690 264 640 163 372 649 99 238 267 336 563 266 523 757 396 546 512 234 369 642 535 184 438 242 635 403 341 521 280 180 459 384 436 159 763 534 576 511 445 331 405 247 465 278 476 353 395 332 368 304 796 173 418 322 125 209 380 484 684 279 524 111 317 478 380 668 257 552 305 622 594 61 709 723 261 269 474 367 731 184 408 694 68 49 739 349 682 181 388 714 149 390 461 703 612 310 615 106 746 408 315 773 53 781 604 240 409 783 223 677
743 130 288 246 501 445 533 670 300 610 154 731 1039 284 458 745 850 415 736 761 256 713 780 468 1054 306 0 705 712 411 669 620 481 562 506 284 653 688 191 789 661 470 415 885 523 624 675 505 510 687 579 803 720 654 956 877 775 759 195 1033 693 324 831 561 813 497 758 609 176 676 201 397 62 378 958 261 382 168 228 543 387 609 221 719 993 212 697 291 124 663 574 595 839 459 714 104 729 354 135 470 851 347 693 933 700 620 697 570 835 321 65 804 336 123 463 585 853 188 471 776 643 809 778 464 426 740 746 121 695 260 729 703 384 781 28 229 664 80 728 212 738 282 429 216 354 517 368 397 232 195 346 641 441 350 584 221 1030 281 115 593 212 422 444 788 852 581 241 398 599 197 105 823 143 551 100 828 711 300 978 949 487 404 612 535 934 420 631 716 371 338 944 563 776 458 545 720 452 240 176 965 685 559 734 328 860 643 64 876 334 786 830 447 715 1006 135 623
634 646 459 519 228 532 963 713 581 162 601 148 832 426 599 823 447 903 237 894 698 411 128 762 767 695 705 0 258 323 117 373 980 730 895 535 1090 28 516 746 926 524 380 599 273 1041 483 204 767 771 998 409 953 166 735 548 429 777 670 830 231 451 150 428 535 237 807 99 619 31 638 308 760 671 782 529 904 565 764 1018 649 253 845 137 835 815 294 617 725 968 327 518 550 640 695 696 903 878 579 235 146 874 212 611 360 370 9 805 464 532 726 352 602 778 961 554 799 849 242 71 1053 654 651 922 326 203 478 685 594 882 192 947 358 633 689 817 452 748 1007 579 97 588 372 705 359 437 337 456 560 516 390 955 300 378 1051 486 682 528 715 614 615 523 314 856 400 734 665 649 941 654 646 357 571 154 605 492 246 753 771 609 518 432 310 397 533 874 492 26 731 662 545 476 200 624 372 19 769 477 663 740 148 554 250 592 280 1076 769 265 654 86 550 500 860 633 598 152
388 699 425 604 240 380 813 490 487 149 659 407 574 486 437 594 200 782 36 670 793 157 381 603 514 589 712 258 0 445 147 155 851 538 741 642 928 278 551 501 731 362 528 341 461 878 242 273 595 549 840 155 747 108 477 293 170 540 747 571 30 563 381 235 277 392 574 284 689 267 577 364 753 539 523 625 794 619 841 877 514 103 786 125 577 876 42 521 687 779 154 305 291 478 460 666 687 773 577 326 302 772 48 358 107 153 262 619 210 440 754 112 490 746 835 345 549 808 364 273 887 400 400 787 287 70 221 649 355 817 74 744 329 380 689 749 213 776 808 528 356 697 525 786 442 265 382 348 647 519 493 770 278 365 903 500 437 459 761 404 554 383 269 622 167 538 758 509 767 733 690 126 569 267 623 235 13 651 512 358 350 330 115 225 293 745 265 236 603 545 305 277 105 462 202 274 616 536 734 482 111 354 26 484 156 915 767 183 539 311 291 353 642 391 581 378
689 329 260 196 210 450 801 701 408 299 285 321 958 130 510 809 637 710 451 860 375 534 374 636 927 511 411 323 445 0 335 448 789 658 744 212 933 300 222 782 834 458 86 744 119 890 555 171 659 747 843 588 879 347 860 710 583 786 347 953 416 128 428 445 667 89 805 224 298 291 414 109 471 526 888 206 697 252 440 841 513 359 592 389 937 493 454 437 465 862 381 530 690 542 712 433 851 668 307 118 467 663 405 776 494 445 314 713 638 372 418 557 447 508 770 548 847 581 85 393 907 736 717 744 231 437 594 428 637 632 423 867 220 708 401 575 528 438 916 358 333 267 89 381 67 421 119 350 236 252 68 844 214 202 879 220 866 343 399 594 396 428 240 850 612 670 342 518 816 331 334 571 300 191 312 650 438 555 891 783 464 331 400 403 732 693 534 341 569 499 744 480 460 530 392 334 633 170 341 867 366 534 457 433 553 920 476 554 490 394 685 424 818 826 336 213
517 631 398 517 168 432 869 599 501 64 588 262 721 408 498 708 344 818 133 779 704 295 245 664 661 613 669 117 147 335 0 257 893 622 799 545 993 133 489 629 818 421 410 489 327 943 366 173 665 657 901 302 843 49 623 440 317 660 667 718 118 462 258 316 422 266 691 141 612 120 572 282 719 580 668 533 823 548 762 928 557 139 783 53 721 806 179 537 670 862 215 404 438 539 579 644 790 799 537 222 211 796 99 505 244 253 119 699 357 451 700 251 516 726 875 441 682 794 249 154 954 538 534 832 255 108 362 630 477 818 94 837 294 516 649 751 335 722 898 516 214 600 405 705 350 330 307 367 560 474 394 850 234 323 958 448 581 456 697 501 548 426 239 740 303 625 670 555 839 652 626 260 528 144 572 383 135 673 658 504 414 344 194 289 435 786 376 99 642 576 447 364 125 523 263 135 672 460 657 628 37 443 144 507 217 979 730 219 568 187 437 401 747 535 549 233
265 634 336 565 243 234 659 343 359 218 599 512 511 445 285 451 229 634 192 524 747 95 502 449 481 451 620 373 155 448 257 0 701 382 587 612 773 385 487 374 576 212 534 297 502 722 115 294 439 401 685 183 595 207 412 271 155 403 692 506 163 544 514 81 220 424 434 360 634 370 459 345 652 393 444 590 650 560 782 724 367 121 660 261 495 805 116 390 573 624 66 151 244 325 322 557 537 631 489 339 449 630 180 335 83 3 374 463 216 317 671 198 353 633 686 190 431 688 383 407 731 298 286 636 232 223 147 539 222 687 223 591 265 272 594 620 85 692 654 418 469 665 536 732 421 120 351 227 605 440 477 614 238 302 749 429 430 346 688 250 437 242 217 483 237 382 713 361 611 680 619 217 482 314 542 215 165 512 444 345 198 216 63 88 315 596 119 356 456 404 326 121 261 309 75 392 463 488 676 419 232 199 181 350 303 759 668 335 399 443 238 210 493 397 485 455
636 610 540 695 752 471 92 494 400 830 623 1065 875 666 415 493 886 78 886 457 737 758 1092 259 940 286 481 980 851 789 893 701 0 370 140 746 174 975 593 607 300 489 832 830 907 157 673 788 287 466 124 855 355 854 829 853 811 547 677 868 849 757 1129 619 785 851 522 907 653 959 375 715 435 314 799 719 99 619 694 62 338 772 269 925 810 652 816 365 363 267 700 577 806 377 557 393 408 128 501 783 1104 135 860 882 778 703 975 305 858 448 536 893 378 361 19 541 649 322 808 1041 176 698 664 66 655 910 749 387 613 241 905 338 628 680 466 252 685 538 324 431 1049 758 845 695 722 585 689 526 697 542 746 248 681 618 103 572 966 459 591 499 392 470 665 522 919 383 723 342 204 679 583 911 505 838 530 831 858 235 833 906 502 549 737 626 936 106 627 977 251 317 942 584 951 392 650 999 242 649 658 837 888 520 878 388 1005 166 450 1035 325 1066 796 499 426 966 467 963
266 650 410 662 529 211 302 130 284 567 637 849 524 575 148 182 529 327 575 209 790 414 856 123 576 260 562 730 538 658 622 382 370 0 233 720 398 734 550 253 196 211 730 460 758 348 322 578 84 127 317 505 226 575 465 485 459 206 724 517 545 690 879 308 419 685 198 685 676 718 363 554 556 184 443 692 360 612 785 372 177 484 464 639 464 775 497 277 452 241 407 235 438 119 192 460 193 356 487 597 827 360 561 512 446 385 728 81 499 298 628 552 240 497 360 195 308 515 637 777 354 329 294 304 447 605 391 442 245 470 605 218 442 310 535 421 340 642 277 376 817 757 739 758 600 292 538 310 686 483 646 232 472 456 388 498 596 340 671 140 358 231 448 225 569 18 763 167 231 718 624 569 484 621 542 469 548 291 474 536 213 331 435 333 570 284 281 719 205 224 575 262 644 129 359 749 144 588 704 474 606 183 563 253 679 385 575 713 229 809 428 241 163 596 458 766
499 624 485 684 673 367 71 355 336 738 628 994 736 632 304 355 758 124 777 325 761 636 1013 137 800 235 506 895 741 744 799 587 140 233 0 740 195 893 574 467 178 381 799 693 859 147 547 714 154 326 102 730 237 757 689 719 685 407 697 728 743 735 1045 506 652 795 383 832 663 877 349 657 474 226 658 711 168 615 732 140 246 670 329 826 670 701 703 307 381 162 595 453 671 263 418 405 278 180 488 718 1010 187 756 746 660 590 891 165 729 378 568 772 302 401 134 415 509 386 749 951 162 559 525 81 578 804 620 392 478 315 801 219 557 543 484 296 561 575 226 395 972 761 811 721 678 477 633 439 695 513 711 139 605 555 161 540 827 401 621 368 360 372 585 385 794 245 742 246 94 696 596 790 489 763 529 701 749 210 693 769 392 464 629 519 803 93 502 889 175 245 808 467 844 279 545 914 127 626 677 697 790 397 767 315 891 181 492 923 254 979 662 398 290 829 453 897
819 161 319 57 401 537 782 795 438 502 129 511 1106 168 581 893 823 672 652 930 162 705 572 662 1091 508 284 535 642 212 545 612 746 720 740 0 910 511 171 896 867 554 165 909 287 874 705 375 696 830 827 773 920 551 1012 883 760 886 145 1101 615 84 628 586 832 298 896 437 115 503 390 277 345 553 1031 29 647 126 233 805 549 547 502 599 1075 293 644 453 385 882 549 656 856 602 821 353 909 618 252 323 678 611 606 947 673 611 526 756 819 423 261 752 482 405 727 663 963 472 298 604 893 875 851 716 380 642 758 358 766 542 629 905 349 846 289 500 683 275 943 353 534 55 178 174 200 551 264 447 51 238 151 861 376 314 846 223 1042 381 222 696 383 512 395 936 806 736 130 557 825 130 180 767 250 402 215 826 636 530 1040 958 566 438 577 547 917 667 674 553 575 516 929 610 669 594 544 544 653 135 147 1020 573 643 657 469 761 898 341 765 509 601 850 521 884 1006 286 411
647 779 676 857 868 560 132 498 528 932 790 1189 839 816 495 458 926 238 965 399 909 813 1209 329 921 421 653 1090 928 933 993 773 174 398 195 910 0 1088 751 589 244 572 983 841 1049 50 720 909 333 453 92 904 277 950 811 874 858 523 848 832 932 914 1240 693 811 987 490 1027 822 1072 527 849 609 421 770 882 270 784 868 111 441 862 443 1018 769 826 889 497 532 191 786 631 827 454 558 560 349 298 660 912 1203 305 946 891 842 775 1086 317 896 572 709 950 496 534 190 592 614 496 942 1145 46 699 668 193 773 993 789 552 638 415 990 265 752 688 636 425 738 711 221 578 1167 925 996 867 866 668 825 635 862 694 896 185 800 748 72 722 964 592 764 539 541 567 781 473 967 404 894 441 168 849 752 967 663 958 695 864 937 383 808 916 582 659 819 710 961 243 679 1084 367 438 965 651 1032 470 735 1109 320 805 829 819 982 577 954 508 1074 13 624 1108 447 1174 818 591 383 973 626 1092
648 625 448 496 222 533 960 722 575 169 581 129 853 407 600 833 470 897 259 902 674 428 121 762 790 689 688 28 278 300 133 385 975 734 893 511 1088 0 498 759 929 526 354 620 246 1040 497 192 768 779 996 431 959 181 755 570 449 788 647 850 250 427 154 436 555 212 818 78 597 16 628 292 744 669 801 506 897 544 740 1015 647 263 833 160 854 793 312 610 712 971 335 527 570 641 707 683 910 870 564 218 167 867 230 633 377 382 19 808 486 526 707 375 598 764 956 562 814 836 221 92 1053 671 666 918 319 226 495 672 607 871 214 952 349 648 673 806 465 728 1011 569 84 563 345 682 339 442 322 453 537 501 368 957 293 368 1048 471 705 520 694 621 605 522 309 867 424 739 641 647 942 632 626 381 556 141 588 513 265 746 791 631 522 429 322 403 557 869 503 54 727 658 569 484 225 626 379 33 768 457 641 760 167 561 271 587 307 1074 752 293 650 98 569 501 868 657 584 123
665 148 161 113 323 374 620 630 266 433 112 540 958 93 413 724 711 517 570 759 264 582 589 491 954 340 191 516 551 222 489 487 593 550 574 171 751 498 0 735 696 393 242 775 338 713 566 319 525 662 665 662 748 479 867 756 641 721 206 952 528 164 640 446 699 306 729 419 147 486 225 209 250 381 880 142 497 73 294 650 378 449 374 540 922 324 543 281 248 713 430 504 724 432 660 215 738 467 92 280 662 461 525 818 559 486 508 584 702 255 212 652 310 286 574 507 802 359 279 587 731 725 699 557 265 569 627 213 613 414 557 734 225 696 179 361 547 233 773 182 546 207 256 245 163 406 182 292 137 67 162 692 272 188 690 59 914 211 210 533 214 348 283 768 704 566 231 386 657 194 139 670 88 363 91 702 548 368 893 831 407 288 464 411 801 507 529 527 406 345 813 462 602 425 413 530 482 56 189 876 508 484 570 297 690 739 256 702 338 596 717 362 713 884 126 432
112 857 577 840 601 360 526 124 491 592 837 887 272 733 332 134 398 575 533 209 993 344 874 376 335 501 789 746 501 782 629 374 607 253 467 896 589 759 735 0 344 341 864 267 859 543 262 654 334 140 527 398 325 579 223 313 355 66 929 264 521 847 881 342 266 780 102 734 876 745 588 672 792 420 192 869 611 805 1001 596 405 496 715 624 212 1001 459 497 690 399 432 252 272 331 75 692 250 608 691 691 802 612 540 313 393 378 747 302 366 484 853 461 453 740 601 234 66 764 735 772 542 125 107 545 551 570 286 673 152 722 575 332 565 130 761 671 293 869 393 584 843 940 870 966 736 360 666 448 871 670 790 403 569 592 601 676 376 529 890 201 577 386 543 139 453 235 963 394 428 921 834 472 687 683 750 328 513 541 226 337 329 460 438 383 399 533 259 727 455 458 400 302 600 330 401 764 397 760 910 232 600 252 519 461 599 577 811 637 460 810 265 374 208 390 669 827
410 770 577 810 721 401 208 263 434 763 767 1043 596 738 334 213 700 302 767 160 910 598 1051 205 676 363 661 926 731 834 818 576 300 196 178 867 244 929 696 344 0 404 900 601 941 201 503 769 175 212 193 683 60 771 567 638 636 279 845 589 740 849 1075 503 578 870 246 879 804 913 482 735 637 315 526 838 346 748 890 270 323 680 503 834 527 865 689 414 539 55 603 425 592 296 320 557 110 357 619 785 1022 364 756 651 634 579 924 123 668 462 726 735 391 567 302 386 370 560 822 973 197 458 428 255 635 799 565 542 408 492 799 42 626 450 637 467 526 736 82 514 1013 896 911 873 772 488 716 494 827 631 814 60 661 634 265 652 720 498 776 327 485 417 638 231 745 193 888 317 97 841 743 751 619 813 668 634 741 361 563 675 407 517 630 529 726 270 468 915 295 350 729 457 837 310 555 945 214 742 824 574 801 377 755 405 866 233 656 902 358 1005 583 431 139 731 586 957
276 521 235 498 318 25 452 245 174 362 498 639 572 394 77 350 419 421 397 403 654 282 648 244 584 244 470 524 362 458 421 212 489 211 381 554 572 526 393 341 404 0 536 419 552 523 216 367 243 288 482 380 437 377 486 419 341 333 591 566 361 509 674 131 352 477 348 474 536 510 280 350 487 180 492 527 437 464 668 515 154 289 463 445 531 676 326 196 394 444 213 126 377 118 267 386 398 419 358 388 630 419 374 470 292 214 521 282 396 150 530 408 152 452 474 115 408 498 429 575 533 339 310 425 238 422 293 367 225 485 419 429 238 311 442 420 215 549 486 258 608 598 543 629 405 96 338 109 529 330 456 431 262 258 542 335 566 193 561 141 262 48 237 392 441 219 623 149 418 582 500 427 352 410 416 379 369 304 509 488 17 126 248 138 489 384 168 515 244 195 497 105 463 102 163 543 255 419 572 495 409 91 388 154 515 559 505 545 191 605 368 33 362 547 340 554
773 311 323 173 296 525 851 780 468 379 270 346 1044 167 583 886 722 754 531 935 325 620 407 698 1013 563 415 380 528 86 410 534 832 730 799 165 983 354 242 864 900 536 0 830 122 942 641 254 725 824 895 673 947 426 946 795 668 867 310 1039 498 92 463 530 753 145 884 286 272 349 457 193 477 587 974 170 736 246 398 886 577 444 615 463 1023 458 538 493 490 925 467 613 776 612 794 456 923 707 334 202 519 701 486 862 580 532 371 781 723 437 408 640 509 524 812 630 930 596 163 446 960 821 802 791 314 515 680 455 721 656 501 934 300 793 411 604 614 426 981 405 371 212 14 340 130 504 198 426 204 290 87 906 300 277 925 260 952 403 378 674 442 502 324 928 695 743 294 582 875 295 323 653 329 266 323 736 519 601 977 868 543 409 486 488 816 741 619 401 625 557 828 564 535 601 477 388 694 185 309 954 442 615 538 495 627 971 478 626 549 441 771 502 892 911 367 247
194 918 617 860 535 445 760 343 593 478 887 748 233 741 458 400 164 782 362 477 1039 210 717 574 183 650 885 599 341 744 489 297 830 460 693 909 841 620 775 267 601 419 830 0 787 793 211 582 542 388 769 192 590 446 137 57 171 331 981 230 371 842 708 329 77 712 369 622 923 609 700 642 906 573 192 886 810 849 1067 831 550 391 874 463 244 1084 311 615 814 656 363 293 53 481 282 806 515 800 763 631 612 802 390 53 254 299 604 531 139 565 942 255 570 872 819 314 279 914 674 603 794 143 173 764 529 398 150 786 218 892 408 595 560 152 858 830 227 962 657 674 696 961 831 1021 719 371 649 491 899 722 775 657 536 596 843 716 146 604 967 336 681 466 514 406 223 447 1005 541 674 969 900 257 756 592 820 106 354 704 173 76 402 489 344 364 134 739 254 575 627 601 133 322 414 471 364 613 594 782 964 141 453 340 349 573 381 828 924 418 599 642 59 439 471 136 751 718
758 429 373 291 259 547 917 789 522 312 386 224 1011 248 611 899 661 829 457 955 446 577 286 746 968 628 523 273 461 119 327 502 907 758 859 287 1049 246 338 859 941 552 122 787 0 1005 616 207 766 838 958 614 982 354 912 746 618 870 432 1007 430 211 343 516 713 78 892 189 392 243 533 205 584 637 947 291 816 358 520 958 623 395 710 376 997 580 480 552 584 971 436 607 733 645 793 551 950 787 426 167 405 782 416 812 532 499 264 818 668 483 523 573 558 624 888 630 921 697 124 335 1021 799 784 861 315 435 642 547 709 751 421 971 316 772 515 694 586 542 1023 476 251 334 109 462 186 500 225 448 325 372 176 953 292 307 996 340 897 457 497 681 515 527 318 938 627 769 416 627 928 417 438 584 419 195 426 686 451 673 945 816 556 427 446 475 754 810 602 297 683 613 767 557 449 632 459 277 745 284 430 918 363 619 466 545 539 1036 587 532 604 325 729 519 914 853 455 129
599 748 632 820 820 510 92 450 483 883 757 1142 798 775 445 414 877 209 914 359 881 762 1161 279 877 379 624 1041 878 890 943 722 157 348 147 874 50 1040 713 543 201 523 942 793 1005 0 670 862 283 406 47 854 240 900 767 825 807 478 819 790 881 876 1192 643 762 942 447 979 790 1024 488 805 583 374 727 846 246 748 843 99 393 812 421 968 729 804 839 453 501 150 736 581 779 404 511 528 309 271 623 866 1153 279 895 844 791 725 1038 267 846 526 682 900 450 508 170 541 572 476 897 1096 20 652 620 159 726 942 739 519 588 396 940 226 705 641 605 398 688 686 190 537 1119 892 955 839 824 617 781 587 827 654 855 141 753 703 73 682 918 548 736 489 500 518 733 433 917 355 865 392 118 819 721 917 626 911 660 815 887 344 765 868 532 611 768 659 912 206 629 1035 322 393 916 601 982 420 685 1061 272 766 799 775 932 526 904 463 1024 36 599 1057 402 1125 769 542 340 926 589 1045
