110
0 840 293 748 416 153 918 955 830 317 168 291 706 545 601 869 679 149 699 542 331 802 547 569 902 636 643 380 611 300 99 96 714 712 114 954 313 301 519 476 519 435 170 262 127 908 775 740 380 452 737 523 891 763 456 441 784 535 644 258 128 781 653 882 860 352 310 395 147 611 301 310 961 749 714 62 210 964 181 869 414 1103 728 744 1008 79 718 547 651 779 684 627 863 827 1055 979 239 720 707 573 714 253 822 693 282 741 878 414 856 673
840 0 895 816 841 691 215 495 227 544 686 799 724 679 304 229 364 948 144 302 958 446 792 966 1070 304 220 580 605 646 937 906 129 858 955 448 883 554 376 513 503 739 670 600 790 348 264 529 834 606 159 965 535 148 410 402 733 577 196 1001 881 453 695 233 166 644 1003 472 871 252 811 685 569 1013 280 887 721 392 681 232 493 417 126 930 276 850 208 380 239 920 437 552 43 374 362 498 608 144 169 898 644 875 1013 819 560 868 607 482 504 438
293 895 0 514 154 304 904 847 808 494 391 97 500 359 739 847 621 207 753 600 63 701 309 280 624 782 676 605 454 249 285 371 789 462 310 862 29 368 521 686 729 231 330 323 191 846 743 954 124 693 756 232 763 779 487 514 580 404 707 149 170 678 456 858 859 600 115 428 147 643 88 569 829 467 686 337 474 892 274 845 403 1048 770 478 987 214 837 528 769 519 594 493 905 752 1011 873 417 755 733 299 538 40 546 453 390 491 724 595 737 867
748 816 514 0 359 658 700 488 620 752 747 464 91 220 845 644 452 714 718 640 532 405 205 312 254 887 636 885 227 477 780 843 774 72 807 528 485 585 523 919 952 312 670 577 620 572 561 1140 391 974 659 354 389 667 558 627 112 295 704 659 660 388 134 651 691 915 605 549 634 619 458 910 430 227 535 807 846 588 610 641 487 742 707 131 750 683 883 490 834 105 379 271 799 486 729 511 716 685 658 243 173 537 199 61 632 61 313 814 388 1030
416 841 154 359 0 374 816 720 720 536 470 127 349 223 737 757 526 358 706 567 180 582 155 168 485 782 622 662 324 239 430 505 750 308 456 741 125 378 467 728 769 107 396 345 294 738 653 988 35 754 690 139 631 710 453 499 428 292 667 301 310 559 309 767 778 671 252 406 284 592 115 650 694 334 601 470 564 779 331 755 361 939 715 330 892 342 820 461 755 368 485 371 844 643 906 746 470 697 673 156 396 180 405 298 415 337 584 627 608 890
153 691 304 658 374 0 765 811 677 198 95 252 603 442 470 716 531 262 548 391 361 659 473 541 845 509 490 301 491 182 246 237 567 635 266 808 311 148 366 384 428 355 28 113 122 758 622 654 342 389 584 505 753 610 303 289 676 411 494 342 204 639 548 729 706 299 371 242 203 458 266 275 823 703 562 209 192 814 47 716 267 951 577 679 855 163 583 396 514 707 542 498 712 679 903 835 116 568 554 525 597 266 765 610 131 663 748 300 717 572
918 215 904 700 816 765 0 296 96 663 786 806 614 616 482 59 289 1000 267 389 962 296 729 909 945 495 284 732 524 669 1008 997 299 755 1029 245 885 617 402 683 683 708 750 658 841 150 162 739 818 776 191 921 358 165 462 486 600 525 316 1030 930 312 599 50 65 793 1018 523 914 313 816 827 375 917 218 973 842 182 742 61 517 215 227 826 90 910 411 382 422 806 342 467 173 215 158 294 708 222 223 835 528 893 899 718 638 758 438 627 335 642
955 495 847 488 720 811 296 0 271 780 864 758 421 497 693 266 289 996 483 528 893 153 591 762 705 720 446 884 396 661 1028 1047 534 556 1053 52 822 671 469 864 877 619 806 698 849 147 264 984 735 950 391 789 98 379 538 594 376 444 510 992 926 174 431 263 329 938 961 583 905 457 763 959 81 715 301 1016 944 122 774 262 545 257 449 619 303 922 660 428 647 587 270 353 459 151 254 26 796 432 414 684 342 849 675 526 709 549 178 782 112 877
830 227 808 620 720 677 96 271 0 588 703 711 531 523 439 39 194 908 221 314 866 225 637 817 869 460 212 668 433 574 918 912 267 671 940 229 789 528 311 629 634 613 663 568 749 130 66 718 722 720 131 827 309 112 374 405 525 430 260 935 837 237 512 52 72 728 922 434 821 236 720 758 342 832 122 886 765 186 652 39 424 280 184 743 180 818 391 288 386 725 251 376 196 149 228 278 627 170 160 743 446 797 819 633 553 676 382 563 279 614
317 544 494 752 536 198 663 780 588 0 149 427 679 532 284 624 491 452 412 274 555 637 597 703 970 319 379 133 546 301 416 366 415 746 428 763 498 169 311 193 236 485 170 192 320 693 547 460 508 224 472 674 744 498 243 187 741 465 357 539 400 622 625 636 599 167 569 215 400 352 442 180 811 844 492 353 179 753 220 625 274 868 448 802 753 354 403 354 336 821 529 532 574 632 815 800 82 445 440 671 648 459 892 714 124 771 760 102 704 374
168 686 391 747 470 95 786 864 703 149 0 346 688 528 433 741 577 310 549 399 445 713 566 636 939 468 503 221 569 270 267 219 558 727 279 855 402 193 402 312 356 448 77 177 201 796 655 580 437 303 598 599 814 624 333 299 759 487 493 407 266 695 632 754 724 209 446 281 272 473 360 180 883 798 595 203 99 855 140 742 321 982 581 773 876 216 552 438 486 800 598 570 712 724 931 886 78 576 567 620 675 352 859 701 154 754 815 245 776 508
291 799 97 464 127 252 806 758 711 427 346 0 435 283 655 749 525 255 658 507 158 610 259 290 611 699 579 548 371 156 316 383 695 422 343 771 83 284 424 620 663 157 276 243 167 751 646 885 92 638 658 253 677 681 392 424 515 314 613 233 196 587 387 761 761 551 211 335 170 547 14 527 744 461 588 347 439 799 212 748 306 954 674 452 890 221 749 430 681 488 500 405 808 658 915 784 355 658 636 283 462 91 531 406 313 451 644 523 649 793
706 724 500 91 349 603 614 421 531 679 688 435 0 161 757 557 360 690 626 551 529 322 196 347 346 799 545 811 140 420 748 802 683 141 775 456 471 515 436 840 871 278 612 513 580 491 471 1054 376 899 567 380 322 576 474 544 80 214 613 649 630 304 55 564 602 844 602 471 605 528 433 843 372 304 444 767 785 512 555 554 408 670 615 212 668 647 792 401 744 195 287 180 708 402 652 445 649 593 566 270 86 517 289 107 563 145 255 735 314 944
545 679 359 220 223 442 616 497 523 532 528 283 161 0 650 557 330 537 558 451 399 362 114 293 446 694 473 666 101 259 591 641 611 217 618 519 332 364 335 704 739 128 452 356 420 524 457 936 240 756 520 305 408 536 354 420 239 102 532 508 474 339 108 566 588 694 469 336 449 449 283 689 471 346 412 606 627 560 394 554 274 721 558 281 686 488 705 311 649 292 275 152 672 428 692 523 495 537 510 221 179 370 372 183 412 240 365 599 385 828
601 304 739 845 737 470 482 693 439 284 433 655 757 650 0 465 445 731 218 205 802 584 746 892 1091 45 250 283 617 502 700 648 184 863 712 660 735 371 321 209 201 656 443 415 587 568 429 303 718 302 308 876 694 327 296 239 796 554 183 809 674 579 711 475 417 345 830 332 671 248 669 390 749 994 397 636 443 625 478 467 385 697 257 930 562 632 121 356 65 935 512 579 343 544 640 706 362 268 281 841 697 709 1021 826 352 881 741 196 655 192
869 229 847 644 757 716 59 266 39 624 741 749 557 557 465 0 230 947 246 350 904 243 670 850 891 483 246 701 465 614 957 951 287 698 979 219 828 568 350 659 662 649 702 607 789 119 103 736 759 750 160 861 315 137 413 443 547 466 289 974 877 257 541 12 62 761 961 473 861 272 759 793 341 860 161 925 802 167 691 3 464 244 207 769 141 858 408 328 409 750 283 408 192 163 190 269 665 197 191 776 472 836 844 661 592 702 393 596 289 635
679 364 621 452 526 531 289 289 194 491 577 525 360 330 445 230 0 739 273 253 677 147 444 624 706 481 202 599 245 400 760 768 331 494 783 278 601 386 179 589 608 419 522 418 584 231 127 748 530 670 207 633 258 215 249 306 374 236 274 754 668 136 331 240 257 652 737 295 649 197 533 671 321 651 85 739 655 285 498 228 264 431 257 566 366 656 450 139 415 555 74 189 350 148 390 310 507 235 208 551 281 614 649 455 422 503 295 500 218 637
149 948 207 714 358 262 1000 996 908 452 310 255 690 537 731 947 739 0 804 645 221 844 508 484 831 770 739 527 621 338 86 186 827 667 107 1003 235 394 599 622 665 412 288 348 159 970 848 888 324 601 829 433 921 855 545 545 770 555 751 116 70 822 642 960 947 501 178 481 90 706 257 459 990 672 787 161 359 1022 267 947 483 1170 829 685 1088 99 845 619 776 726 729 649 966 882 1126 1021 370 819 802 506 716 177 753 655 390 695 894 553 890 818
699 144 753 718 706 548 267 483 221 412 549 658 626 558 218 246 273 804 0 158 816 392 669 838 972 238 85 467 496 503 795 767 58 752 813 446 741 410 238 415 416 607 528 456 646 351 220 500 696 508 92 834 497 109 267 259 647 456 55 857 737 392 590 257 202 529 860 328 726 113 670 566 545 901 203 747 591 408 537 249 351 482 40 823 352 707 181 249 165 818 348 447 164 339 426 494 470 51 70 774 552 732 910 713 417 765 554 363 460 394
542 302 600 640 567 391 389 528 314 274 399 507 551 451 205 350 253 645 158 0 664 400 553 711 888 247 105 359 412 351 638 615 188 661 656 504 590 251 116 337 354 475 372 297 487 425 278 506 554 421 199 701 511 225 115 101 590 352 107 699 578 390 506 362 326 416 705 172 568 77 520 444 572 797 228 593 453 485 378 351 206 594 185 729 479 548 256 151 197 732 313 373 321 376 540 545 320 178 168 654 491 578 819 623 260 678 548 255 471 395
331 958 63 532 180 361 962 893 866 555 445 158 529 399 802 904 677 221 816 664 0 750 334 267 617 846 738 663 497 312 305 400 852 475 328 911 76 432 583 745 789 273 389 387 244 899 800 1014 158 748 817 215 807 839 550 578 608 454 770 130 203 727 489 915 918 654 72 491 185 706 147 621 871 457 744 368 524 944 334 902 465 1101 832 481 1043 253 901 588 833 525 646 540 967 805 1065 919 476 817 795 302 575 95 541 471 452 503 763 656 782 928
802 446 701 405 582 659 296 153 225 637 713 610 322 362 584 243 147 844 392 400 750 0 466 644 649 617 335 747 261 509 875 894 448 464 900 160 677 520 325 737 754 478 654 546 696 169 181 884 594 818 307 664 111 305 393 453 304 296 405 844 774 23 317 248 297 799 816 433 753 337 615 817 174 627 190 863 796 198 621 240 393 359 365 534 345 769 573 283 547 511 117 211 419 81 334 177 647 345 321 566 237 701 604 429 560 465 163 648 71 774
547 792 309 205 155 473 729 591 637 597 566 259 196 114 746 670 444 508 669 553 334 466 0 180 375 791 583 730 207 300 575 641 720 165 601 619 280 428 440 780 817 117 489 409 420 631 571 1023 185 821 634 198 497 650 449 510 274 214 640 456 454 444 163 679 702 750 406 420 429 558 253 738 555 250 527 605 665 665 425 667 362 825 670 207 798 480 809 420 750 234 387 262 786 536 799 617 547 650 623 107 253 331 295 147 473 193 442 674 480 918
569 966 280 312 168 541 909 762 817 703 636 290 347 293 892 850 624 484 838 711 267 644 180 0 349 937 753 830 387 404 565 651 886 242 589 793 256 543 602 894 935 236 564 511 453 810 751 1152 199 922 809 52 666 826 600 653 413 390 805 396 450 622 331 859 881 839 332 560 427 725 277 817 719 190 705 617 730 842 499 848 508 1002 842 225 978 491 967 588 904 273 568 443 962 715 977 788 639 822 796 77 420 317 275 255 581 265 602 793 652 1052
902 1070 624 254 485 845 945 705 869 970 939 611 346 446 1091 891 706 831 972 888 617 649 375 349 0 1135 890 1103 478 675 909 990 1029 229 935 751 598 801 771 1149 1184 491 862 784 778 809 813 1382 521 1195 913 401 610 921 799 866 344 537 957 746 792 634 384 897 941 1125 681 782 767 872 601 1113 634 159 790 955 1037 817 798 888 720 962 962 168 988 827 1135 740 1084 156 633 525 1053 730 956 725 922 940 913 329 426 658 80 265 847 210 527 1043 619 1273
636 304 782 887 782 509 495 720 460 319 468 699 799 694 45 483 481 770 238 247 846 617 791 937 1135 0 282 302 659 547 735 680 196 907 747 684 779 415 363 218 201 701 482 458 628 590 456 267 763 308 330 921 726 347 341 284 836 598 212 850 713 612 753 492 432 363 872 377 711 283 713 410 778 1039 428 670 471 646 519 485 430 709 276 974 571 671 103 398 73 979 549 620 345 572 652 732 400 290 305 887 738 752 1065 869 394 925 775 225 687 158
643 220 676 636 622 490 284 446 212 379 503 579 545 473 250 246 202 739 85 105 738 335 583 753 890 282 0 456 413 427 737 718 138 668 756 416 663 346 156 421 431 522 473 391 580 330 185 549 614 511 94 749 444 120 195 204 570 371 72 785 671 330 507 258 221 515 785 258 658 33 591 546 499 816 147 695 558 390 474 247 273 490 94 739 374 644 249 164 213 736 274 365 229 295 436 460 425 80 64 688 474 657 827 630 361 682 493 351 405 439
380 580 605 885 662 301 732 884 668 133 221 548 811 666 283 701 599 527 467 359 663 747 730 830 1103 302 456 0 676 432 473 398 453 880 478 862 613 302 424 99 140 617 275 322 420 784 637 360 633 92 542 799 857 566 360 294 871 597 415 628 487 734 757 713 666 63 667 343 493 435 562 108 921 975 586 397 181 844 335 702 404 944 506 935 819 436 402 467 347 955 645 660 616 733 889 902 192 509 510 802 777 568 1025 848 256 904 880 104 817 297
611 605 454 227 324 491 524 396 433 546 569 371 140 101 617 465 245 621 496 412 497 261 207 387 478 659 413 676 0 312 667 707 552 255 693 418 428 387 296 701 732 224 496 391 490 424 368 914 339 763 446 404 309 458 334 404 195 81 479 601 554 238 94 473 500 713 566 334 531 394 373 715 374 407 329 673 665 459 445 462 272 620 490 327 590 562 656 262 606 323 182 56 594 328 592 422 523 468 441 311 106 461 413 216 434 269 273 597 284 803
300 646 249 477 239 182 669 661 574 301 270 156 420 259 502 614 400 338 503 351 312 509 300 404 675 547 427 432 312 0 366 396 539 458 392 666 239 139 275 491 531 185 193 110 187 631 512 748 216 524 510 379 593 534 237 269 494 235 457 361 267 487 365 626 619 450 357 179 249 394 169 438 662 543 452 362 369 683 135 613 155 832 521 508 755 260 593 287 526 532 392 327 657 543 789 686 246 507 486 369 417 229 596 431 178 485 578 388 559 650
99 937 285 780 430 246 1008 1028 918 416 267 316 748 591 700 957 760 86 795 638 305 875 575 565 909 735 737 473 667 366 0 102 812 736 26 1031 311 391 607 570 613 471 267 350 179 990 861 831 395 539 829 515 959 855 546 536 828 596 740 201 120 854 698 970 951 439 264 484 146 704 321 394 1028 752 800 82 295 1045 266 957 497 1187 823 760 1097 106 818 632 750 798 758 690 959 906 1141 1053 338 815 801 582 767 251 831 722 377 765 939 512 926 768
96 906 371 843 505 237 997 1047 912 366 219 383 802 641 648 951 768 186 767 615 400 894 641 651 990 680 718 398 707 396 102 0 778 805 92 1045 394 384 603 497 538 530 248 350 222 995 859 750 469 456 812 603 986 839 537 514 880 631 712 302 200 874 750 963 937 357 364 479 224 687 391 308 1055 835 798 35 217 1052 272 950 504 1187 799 835 1088 162 768 634 703 871 777 723 931 916 1138 1071 298 793 782 661 811 333 911 787 359 834 974 454 950 696
714 129 789 774 750 567 299 534 267 415 558 695 683 611 184 287 331 827 58 188 852 448 720 886 1029 196 138 453 552 539 812 778 0 807 829 495 779 435 284 391 386 653 545 482 671 398 274 451 739 484 143 880 552 155 302 282 705 509 82 886 762 449 645 296 235 516 893 361 753 162 708 556 598 955 260 760 592 452 560 290 391 513 85 878 378 728 125 300 123 874 405 503 163 393 457 544 480 104 127 824 610 766 965 768 437 821 611 353 516 347
712 858 462 72 308 635 755 556 671 746 727 422 141 217 863 698 494 667 752 661 475 464 165 242 229 907 668 880 255 458 736 805 807 0 763 594 433 577 544 922 957 281 650 564 585 633 610 1153 342 971 699 287 457 710 570 637 183 308 733 603 616 446 163 705 742 905 547 553 590 648 416 896 501 162 579 770 826 652 588 695 491 809 745 72 809 643 910 514 858 74 424 306 845 544 793 580 703 723 696 177 227 489 158 38 624 28 383 816 453 1044
114 955 310 807 456 266 1029 1053 940 428 279 343 775 618 712 979 783 107 813 656 328 900 601 589 935 747 756 478 693 392 26 92 829 763 0 1055 336 412 628 576 619 498 285 371 205 1014 883 834 421 541 850 539 985 876 567 555 855 622 758 218 147 879 725 992 972 441 283 506 172 724 348 394 1054 777 823 81 298 1069 288 979 520 1211 842 785 1119 132 831 655 764 825 783 716 977 930 1164 1078 352 834 820 608 794 277 857 749 396 792 965 523 952 775
954 448 862 528 741 808 245 52 229 763 855 771 456 519 660 219 278 1003 446 504 911 160 619 793 751 684 416 862 418 666 1031 1045 495 594 1055 0 838 664 455 837 848 638 800 694 852 100 231 946 754 924 354 817 141 339 525 576 417 457 477 1004 932 183 462 215 282 918 977 573 912 430 776 942 133 755 275 1015 931 69 773 216 541 214 410 660 250 925 620 417 611 629 273 371 411 131 205 49 785 395 379 715 374 862 719 563 700 590 224 759 142 841
313 883 29 485 125 311 885 822 789 498 402 83 471 332 735 828 601 235 741 590 76 677 280 256 598 779 663 613 428 239 311 394 779 433 336 838 0 364 507 690 734 204 338 321 204 824 724 958 95 701 740 209 737 763 476 507 551 380 696 177 194 654 428 839 841 610 138 419 170 630 71 581 802 441 667 360 488 870 278 826 390 1026 757 450 967 235 831 512 763 491 571 468 891 730 990 848 422 741 719 271 511 61 520 424 389 462 697 597 711 868
301 554 368 585 378 148 617 671 528 169 193 284 515 364 371 568 386 394 410 251 432 520 428 543 801 415 346 302 387 139 391 384 435 577 412 664 364 0 218 353 393 318 136 47 236 611 474 609 354 394 438 518 620 464 155 153 581 305 357 451 327 502 460 580 559 330 463 94 317 313 299 328 689 676 414 357 282 668 127 567 128 803 435 633 707 298 470 249 402 652 404 381 572 534 754 694 136 425 409 506 492 339 723 546 47 602 623 250 582 511
519 376 521 523 467 366 402 469 311 311 402 424 436 335 321 350 179 599 238 116 583 325 440 602 771 363 156 424 296 275 607 603 284 544 628 455 507 218 0 425 449 369 354 257 439 394 256 618 458 500 235 596 433 259 70 129 478 236 202 635 529 311 390 363 347 474 631 123 514 125 436 492 499 681 195 576 476 452 340 350 119 584 250 612 491 508 370 43 314 615 221 260 383 324 536 489 329 234 212 542 380 504 702 506 247 561 457 328 393 508
476 513 686 919 728 384 683 864 629 193 312 620 840 704 209 659 589 622 415 337 745 737 780 894 1149 218 421 99 701 491 570 497 391 922 576 837 690 353 425 0 44 671 356 383 505 752 607 269 701 93 498 867 848 521 370 300 894 625 369 719 578 726 788 670 617 151 754 370 582 406 635 201 909 1029 562 495 280 811 412 660 432 898 455 981 766 528 321 468 274 996 644 677 552 712 842 880 269 462 468 859 797 649 1072 888 313 945 880 105 808 198
519 503 729 952 769 428 683 877 634 236 356 663 871 739 201 662 608 665 416 354 789 754 817 935 1184 201 431 140 732 531 613 538 386 957 619 848 734 393 449 44 0 710 400 424 549 760 616 225 743 109 503 908 865 524 398 328 923 657 373 763 622 745 820 673 618 187 799 403 626 419 678 237 925 1067 575 537 321 818 455 664 466 898 456 1017 764 572 304 492 265 1031 665 705 544 725 841 892 313 465 473 899 825 693 1108 922 354 979 901 143 825 157
435 739 231 312 107 355 708 619 613 485 448 157 278 128 656 649 419 412 607 475 273 478 117 236 491 701 522 617 224 185 471 530 653 281 498 638 204 318 369 671 710 0 371 294 308 632 546 922 116 709 586 227 533 605 363 417 358 185 571 380 352 455 229 660 672 635 342 324 327 493 156 621 598 358 494 495 547 674 308 647 271 833 614 324 785 371 730 359 668 352 378 267 740 536 799 645 431 595 570 188 307 242 412 258 361 309 493 567 508 819
170 670 330 670 396 28 750 806 663 170 77 276 612 452 443 702 522 288 528 372 389 654 489 564 862 482 473 275 496 193 267 248 545 650 285 800 338 136 354 356 400 371 0 108 150 747 610 626 364 363 566 529 751 593 288 270 684 415 473 369 231 635 557 714 690 275 399 230 230 441 290 253 820 723 550 223 176 805 65 702 260 939 557 696 840 188 557 386 488 723 537 500 692 671 890 829 88 549 537 545 602 293 782 623 111 677 748 272 714 544
262 600 323 577 345 113 658 698 568 192 177 243 513 356 415 607 418 348 456 297 387 546 409 511 784 458 391 322 391 110 350 350 482 564 371 694 321 47 257 383 424 294 108 0 189 645 512 644 318 414 482 484 642 507 197 200 582 310 404 404 281 527 457 620 601 341 416 134 270 357 258 333 711 653 451 321 273 702 83 607 153 840 481 615 747 253 517 284 448 638 429 393 618 566 792 722 139 470 454 479 497 293 705 534 70 590 640 282 605 549
127 790 191 620 294 122 841 849 749 320 201 167 580 420 587 789 584 159 646 487 244 696 420 453 778 628 580 420 490 187 179 222 671 585 205 852 204 236 439 505 549 308 150 189 0 815 690 775 258 505 670 410 780 695 385 389 659 418 594 221 91 675 528 801 787 410 249 322 83 546 178 378 849 628 629 187 283 868 111 788 325 1014 671 619 930 73 697 461 628 653 579 511 807 729 969 874 238 659 642 450 592 151 698 566 238 614 761 422 746 694
908 348 846 572 738 758 150 147 130 693 796 751 491 524 568 119 231 970 351 425 899 169 631 810 809 590 330 784 424 631 990 995 398 633 1014 100 824 611 394 752 760 632 747 645 815 0 147 849 746 841 259 829 209 243 463 507 467 446 386 983 899 189 486 115 181 842 962 517 880 349 759 869 225 796 201 967 866 60 727 115 493 202 314 702 178 887 521 361 516 677 253 371 311 96 167 150 722 300 287 734 406 842 769 598 642 632 292 679 191 745
775 264 743 561 653 622 162 264 66 547 655 646 471 457 429 103 127 848 220 278 800 181 571 751 813 456 185 637 368 512 861 859 274 610 883 231 724 474 256 607 616 546 610 512 690 147 0 721 655 695 130 760 279 123 322 361 471 364 246 872 777 188 449 115 132 695 858 380 760 202 655 722 324 770 60 832 722 207 595 102 365 328 189 682 243 760 400 228 383 666 187 312 241 118 280 276 580 170 151 677 388 733 760 572 502 616 344 532 244 614
740 529 954 1140 988 654 739 984 718 460 580 885 1054 936 303 736 748 888 500 506 1014 884 1023 1152 1382 267 549 360 914 748 831 750 451 1153 834 946 958 609 618 269 225 922 626 644 775 849 721 0 962 294 592 1127 993 606 582 516 1097 846 479 987 846 880 1006 744 680 393 1024 603 852 550 900 441 1045 1273 695 752 535 903 680 739 663 947 535 1217 805 796 328 656 338 1226 815 879 573 838 891 994 538 552 570 1110 998 918 1308 1116 573 1173 1043 361 955 111
380 834 124 391 35 342 818 735 722 508 437 92 376 240 718 759 530 324 696 554 158 594 185 199 521 763 614 633 339 216 395 469 739 342 421 754 95 354 458 701 743 116 364 318 258 746 655 962 0 724 685 166 648 706 439 481 456 300 656 272 274 571 333 770 778 639 229 388 249 584 80 617 712 369 601 434 531 789 300 757 348 948 708 365 897 307 804 456 738 403 493 383 838 651 913 761 440 691 667 192 417 146 441 331 389 371 605 601 624 866
452 606 693 974 754 389 776 950 720 224 303 638 899 756 302 750 670 601 508 421 748 818 821 922 1195 308 511 92 763 524 539 456 484 971 541 924 701 394 500 93 109 709 363 414 505 841 695 294 724 0 590 890 929 613 439 371 958 684 461 706 566 807 845 761 710 100 749 429 575 494 652 147 992 1067 649 460 244 901 425 752 490 990 548 1027 860 515 411 543 367 1045 721 744 645 798 934 966 283 554 559 894 862 654 1117 939 348 995 957 171 889 255
737 159 756 659 690 584 191 391 131 472 598 658 567 520 308 160 207 829 92 199 817 307 634 809 913 330 94 542 446 510 829 812 143 699 850 354 740 438 235 498 503 586 566 482 670 259 130 592 685 590 0 811 409 26 284 298 579 419 129 871 760 310 536 171 127 603 867 347 747 125 669 636 455 854 125 789 651 317 565 161 354 402 58 771 281 735 269 229 257 762 281 392 153 249 347 402 519 40 31 741 488 739 855 660 454 710 471 437 373 486
523 965 232 354 139 505 921 789 827 674 599 253 380 305 876 861 633 433 834 701 215 664 198 52 401 921 749 799 404 379 515 603 880 287 539 817 209 518 596 867 908 227 529 484 410 829 760 1127 166 890 811 0 693 829 588 637 451 396 798 344 403 642 358 871 889 804 280 543 379 721 239 780 749 242 712 570 691 863 465 859 496 1023 840 276 992 445 955 586 891 323 581 458 964 733 996 815 606 821 796 112 448 270 328 295 554 311 634 766 678 1030
891 535 763 389 631 753 358 98 309 744 814 677 322 408 694 315 258 921 497 511 807 111 497 666 610 726 444 857 309 593 959 986 552 457 985 141 737 620 433 848 865 533 751 642 780 209 279 993 648 929 409 693 0 403 501 563 277 365 514 910 853 122 335 316 376 907 876 537 830 448 681 924 69 616 298 953 899 206 714 312 492 354 468 521 383 853 678 390 655 489 216 272 504 162 346 123 750 448 426 588 245 768 578 427 661 451 84 759 40 884
763 148 779 667 710 610 165 379 112 498 624 681 576 536 327 137 215 855 109 225 839 305 650 826 921 347 120 566 458 534 855 839 155 710 876 339 763 464 259 521 524 605 593 507 695 243 123 606 706 613 26 829 403 0 310 325 585 435 152 895 786 309 547 148 101 628 890 373 772 152 692 661 445 866 131 816 677 298 591 139 378 377 71 782 255 761 280 251 273 771 288 404 136 241 322 388 546 59 57 757 495 763 864 671 481 719 468 462 368 502
456 410 487 558 453 303 462 538 374 243 333 392 474 354 296 413 249 545 267 115 550 393 449 600 799 341 195 360 334 237 546 537 302 570 567 525 476 155 70 370 398 363 288 197 385 463 322 582 439 439 284 588 501 310 0 70 524 263 220 590 476 378 424 426 404 407 593 63 463 161 405 423 567 697 263 511 406 522 281 413 92 651 287 635 552 451 367 110 304 643 286 307 424 394 601 559 260 275 257 546 427 465 726 533 179 590 520 269 461 474
441 402 514 627 499 289 486 594 405 187 299 424 544 420 239 443 306 545 259 101 578 453 510 653 866 284 204 294 404 269 536 514 282 637 555 576 507 153 129 300 328 417 270 200 389 507 361 516 481 371 298 637 563 325 70 0 595 331 205 604 480 440 493 455 424 345 614 93 470 173 438 365 628 759 305 491 360 566 278 443 148 685 287 701 577 448 324 173 257 710 350 377 422 445 633 613 221 280 268 603 497 488 792 601 158 657 586 200 522 408
784 733 580 112 428 676 600 376 525 741 759 515 80 239 796 547 374 770 647 590 608 304 274 413 344 836 570 871 195 494 828 880 705 183 855 417 551 581 478 894 923 358 684 582 659 467 471 1097 456 958 579 451 277 585 524 595 0 276 641 729 710 289 130 552 598 908 681 529 685 558 513 909 317 339 454 845 856 479 630 543 467 631 632 243 645 726 820 440 777 212 300 218 712 386 620 399 717 610 583 339 98 597 303 159 629 174 200 791 279 986
535 577 404 295 292 411 525 444 430 465 487 314 214 102 554 466 236 555 456 352 454 296 214 390 537 598 371 597 81 235 596 631 509 308 622 457 380 305 236 625 657 185 415 310 418 446 364 846 300 684 419 396 365 435 263 331 276 0 431 547 487 274 162 476 492 632 519 256 465 347 319 633 434 446 315 598 583 489 366 464 194 648 456 376 600 490 604 209 550 381 193 93 572 351 613 470 441 435 408 321 187 405 466 271 353 327 343 521 335 737
644 196 707 704 667 494 316 510 260 357 493 613 613 532 183 289 274 751 55 107 770 405 640 805 957 212 72 415 479 457 740 712 82 733 758 477 696 357 202 369 373 571 473 404 594 386 246 479 656 461 129 798 514 152 220 205 641 431 0 806 685 402 573 300 251 477 812 279 675 84 625 512 567 878 216 692 536 445 484 291 308 530 91 804 403 653 179 221 142 802 345 432 219 361 474 523 414 94 99 744 544 685 892 695 363 748 565 311 475 370
258 1001 149 659 301 342 1030 992 935 539 407 233 649 508 809 974 754 116 857 699 130 844 456 396 746 850 785 628 601 361 201 302 886 603 218 1004 177 451 635 719 763 380 369 404 221 983 872 987 272 706 871 344 910 895 590 604 729 547 806 0 141 821 606 986 981 607 67 528 139 752 229 567 976 586 813 277 467 1031 331 973 516 1185 878 611 1115 191 918 649 849 655 733 638 1015 891 1145 1018 457 865 846 432 687 142 671 598 458 631 873 641 882 912
128 881 170 660 310 204 930 926 837 400 266 196 630 474 674 877 668 70 737 578 203 774 454 450 792 713 671 487 554 267 120 200 762 616 147 932 194 327 529 578 622 352 231 281 91 899 777 846 274 566 760 403 853 786 476 480 710 487 685 141 0 752 580 889 877 468 184 413 25 638 201 430 921 636 716 167 330 951 201 876 413 1099 762 640 1018 52 785 549 716 678 659 581 899 811 1056 951 317 750 733 464 652 133 713 602 327 645 828 502 821 771
781 453 678 388 559 639 312 174 237 622 695 587 304 339 579 257 136 822 392 390 727 23 444 622 634 612 330 734 238 487 854 874 449 446 879 183 654 502 311 726 745 455 635 527 675 189 188 880 571 807 310 642 122 309 378 440 289 274 402 821 752 0 296 263 309 785 793 416 731 331 593 802 188 608 188 843 779 221 601 254 374 382 367 516 364 748 572 268 544 494 97 188 428 98 355 199 630 346 322 544 218 679 587 410 542 447 163 636 82 770
653 695 456 134 309 548 599 431 512 625 632 387 55 108 711 541 331 642 590 506 489 317 163 331 384 753 507 757 94 365 698 750 645 163 725 462 428 460 390 788 820 229 557 457 528 486 449 1006 333 845 536 358 335 547 424 493 130 162 573 606 580 296 0 549 582 790 561 418 555 488 385 788 392 320 416 714 730 513 501 538 355 673 582 235 659 595 751 356 701 228 262 143 682 393 651 457 594 560 533 253 90 471 320 124 508 175 278 683 321 896
882 233 858 651 767 729 50 263 52 636 754 761 564 566 475 12 240 960 257 362 915 248 679 859 897 492 258 713 473 626 970 963 296 705 992 215 839 580 363 670 673 660 714 620 801 115 115 744 770 761 171 871 316 148 426 455 552 476 300 986 889 263 549 0 66 773 973 486 873 284 770 805 340 867 173 938 815 160 704 13 476 232 217 776 129 870 416 340 418 756 291 417 195 167 178 265 677 207 202 785 478 848 850 668 604 708 395 608 291 644
860 166 859 691 778 706 65 329 72 599 724 761 602 588 417 62 257 947 202 326 918 297 702 881 941 432 221 666 500 619 951 937 235 742 972 282 841 559 347 617 618 672 690 601 787 181 132 680 778 710 127 889 376 101 404 424 598 492 251 981 877 309 582 66 0 728 972 467 862 251 771 762 404 902 177 914 779 227 685 66 465 280 162 813 153 854 351 332 359 797 319 444 130 219 224 331 646 157 159 809 518 846 891 704 579 747 451 562 348 581
352 644 600 915 671 299 793 938 728 167 209 551 844 694 345 761 652 501 529 416 654 799 750 839 1125 363 515 63 713 450 439 357 516 905 441 918 610 330 474 151 187 635 275 341 410 842 695 393 639 100 603 804 907 628 407 345 908 632 477 607 468 785 790 773 728 0 651 383 477 493 565 50 973 992 643 360 143 902 339 763 441 1005 568 957 881 416 464 517 409 979 693 700 679 788 950 957 203 571 571 816 816 561 1046 875 282 931 927 165 867 343
310 1003 115 605 252 371 1018 961 922 569 446 211 602 469 830 961 737 178 860 705 72 816 406 332 681 872 785 667 566 357 264 364 893 547 283 977 138 463 631 754 799 342 399 416 249 962 858 1024 229 749 867 280 876 890 593 614 681 519 812 67 184 793 561 973 972 651 0 532 173 752 203 614 940 521 800 336 515 1008 353 960 512 1164 879 550 1102 236 934 640 865 595 709 607 1014 868 1126 987 487 864 843 373 646 127 608 544 477 574 834 671 850 943
395 472 428 549 406 242 523 583 434 215 281 335 471 336 332 473 295 481 328 172 491 433 420 560 782 377 258 343 334 179 484 479 361 553 506 573 419 94 123 370 403 324 230 134 322 517 380 603 388 429 347 543 537 373 63 93 529 256 279 528 413 416 418 486 467 383 532 0 400 225 349 392 605 670 319 452 362 575 218 473 62 708 350 615 613 388 415 156 349 628 320 317 487 443 660 605 214 338 320 511 434 405 706 518 126 575 547 265 498 498
147 871 147 634 284 203 914 905 821 400 272 170 605 449 671 861 649 90 726 568 185 753 429 427 767 711 658 493 531 249 146 224 753 590 172 912 170 317 514 582 626 327 230 270 83 880 760 852 249 575 747 379 830 772 463 470 685 465 675 139 25 731 555 873 862 477 173 400 0 625 175 441 899 611 700 190 342 932 194 860 397 1081 750 614 1002 68 780 533 711 653 638 558 887 792 1038 930 318 738 721 438 627 109 688 576 321 619 804 503 799 774
611 252 643 619 592 458 313 457 236 352 473 547 528 449 248 272 197 706 113 77 706 337 558 725 872 283 33 435 394 394 704 687 162 648 724 430 630 313 125 406 419 493 441 357 546 349 202 550 584 494 125 721 448 152 161 173 558 347 84 752 638 331 488 284 251 493 752 225 625 0 559 522 506 794 156 664 530 409 441 273 240 516 126 719 403 611 263 138 219 717 266 348 262 305 463 473 395 113 96 662 460 624 807 610 329 663 493 330 409 439
301 811 88 458 115 266 816 763 720 442 360 14 433 283 669 759 533 257 670 520 147 615 253 277 601 713 591 562 373 169 321 391 708 416 348 776 71 299 436 635 678 156 290 258 178 759 655 900 80 652 669 239 681 692 405 438 513 319 625 229 201 593 385 770 771 565 203 349 175 559 0 541 747 450 598 355 452 805 227 757 318 961 686 443 899 228 763 441 695 480 507 409 820 665 923 789 370 670 648 272 463 87 521 400 327 444 646 538 653 808
310 685 569 910 650 275 827 959 758 180 180 527 843 689 390 793 671 459 566 444 621 817 738 817 1113 410 546 108 715 438 394 308 556 896 394 942 581 328 492 201 237 621 253 333 378 869 722 441 617 147 636 780 924 661 423 365 909 633 512 567 430 802 788 805 762 50 614 392 441 522 541 0 991 976 668 313 100 929 318 794 447 1037 604 946 916 378 510 534 454 970 708 706 719 811 983 979 194 605 604 798 819 530 1033 867 280 922 939 203 884 394
961 569 829 430 694 823 375 81 342 811 883 744 372 471 749 341 321 990 545 572 871 174 555 719 634 778 499 921 374 662 1028 1055 598 501 1054 133 802 689 499 909 925 598 820 711 849 225 324 1045 712 992 455 749 69 445 567 628 317 434 567 976 921 188 392 340 404 973 940 605 899 506 747 991 0 656 352 1023 967 203 783 338 561 329 513 560 384 922 724 457 707 525 284 340 534 206 332 93 819 495 475 642 302 835 610 473 730 491 118 822 106 936
749 1013 467 227 334 703 917 715 832 844 798 461 304 346 994 860 651 672 901 797 457 627 250 190 159 1039 816 975 407 543 752 835 955 162 777 755 441 676 681 1029 1067 358 723 653 628 796 770 1273 369 1067 854 242 616 866 697 759 339 446 878 586 636 608 320 867 902 992 521 670 611 794 450 976 656 0 736 800 895 814 658 857 611 969 896 95 972 673 1051 656 995 134 583 462 1002 707 955 738 788 875 848 178 390 502 90 198 719 165 539 924 614 1168
714 280 686 535 601 562 218 301 122 492 595 588 444 412 397 161 85 787 203 228 744 190 527 705 790 428 147 586 329 452 800 798 260 579 823 275 667 414 195 562 575 494 550 451 629 201 60 695 601 649 125 712 298 131 263 305 454 315 216 813 716 188 416 173 177 643 800 319 700 156 598 668 352 736 0 771 665 261 534 160 304 389 180 651 302 699 383 168 357 640 156 274 265 149 341 317 521 158 133 634 364 675 733 540 442 588 352 483 259 586
62 887 337 807 470 209 973 1016 886 353 203 347 767 606 636 925 739 161 747 593 368 863 605 617 955 670 695 397 673 362 82 35 760 770 81 1015 360 357 576 495 537 495 223 321 187 967 832 752 434 460 789 570 953 816 511 491 845 598 692 277 167 843 714 938 914 360 336 452 190 664 355 313 1023 800 771 0 217 1023 241 925 474 1160 778 799 1063 127 756 606 689 835 745 689 912 887 1112 1040 280 771 759 626 776 299 876 752 334 798 940 444 918 694
210 721 474 846 564 192 842 944 765 179 99 439 785 627 443 802 655 359 591 453 524 796 665 730 1037 471 558 181 665 369 295 217 592 826 298 931 488 282 476 280 321 547 176 273 283 866 722 535 531 244 651 691 899 677 406 360 856 583 536 467 330 779 730 815 779 143 515 362 342 530 452 100 967 895 665 217 0 926 239 803 409 1046 627 871 932 278 565 515 502 899 682 663 752 800 993 965 148 625 619 717 771 434 957 800 238 853 905 247 860 478
964 392 892 588 779 814 182 122 186 753 855 799 512 560 625 167 285 1022 408 485 944 198 665 842 817 646 390 844 459 683 1045 1052 452 652 1069 69 870 668 452 811 818 674 805 702 868 60 207 903 789 901 317 863 206 298 522 566 479 489 445 1031 951 221 513 160 227 902 1008 575 932 409 805 929 203 814 261 1023 926 0 782 164 549 160 370 719 180 941 574 418 572 691 298 408 353 140 140 114 781 356 345 764 428 889 782 619 700 649 291 739 200 800
181 681 274 610 331 47 742 774 652 220 140 212 555 394 478 691 498 267 537 378 334 621 425 499 798 519 474 335 445 135 266 272 560 588 288 773 278 127 340 412 455 308 65 83 111 727 595 680 300 425 565 465 714 591 281 278 630 366 484 331 201 601 501 704 685 339 353 218 194 441 227 318 783 658 534 241 239 782 0 691 233 922 563 632 831 170 586 367 517 660 504 455 699 645 875 798 144 553 537 480 551 238 718 562 127 615 705 321 678 594
869 232 845 641 755 716 61 262 39 625 742 748 554 554 467 3 228 947 249 351 902 240 667 848 888 485 247 702 462 613 957 950 290 695 979 216 826 567 350 660 664 647 702 607 788 115 102 739 757 752 161 859 312 139 413 443 543 464 291 973 876 254 538 13 66 763 960 473 860 273 757 794 338 857 160 925 803 164 691 0 463 243 209 766 142 857 411 327 411 747 280 406 196 159 190 265 665 199 192 773 468 835 841 658 592 699 389 597 285 638
414 493 403 487 361 267 517 545 424 274 321 306 408 274 385 464 264 483 351 206 465 393 362 508 720 430 273 404 272 155 497 504 391 491 520 541 390 128 119 432 466 271 260 153 325 493 365 663 348 490 354 496 492 378 92 148 467 194 308 516 413 374 355 476 465 441 512 62 397 240 318 447 561 611 304 474 409 549 233 463 0 690 367 554 605 395 459 136 396 566 277 259 502 412 644 568 261 352 331 456 374 384 645 456 171 513 496 327 454 556
1103 417 1048 742 939 951 215 257 280 868 982 954 670 721 697 244 431 1170 482 594 1101 359 825 1002 962 709 490 944 620 832 1187 1187 513 809 1211 214 1026 803 584 898 898 833 939 840 1014 202 328 947 948 990 402 1023 354 377 651 685 631 648 530 1185 1099 382 673 232 280 1005 1164 708 1081 516 961 1037 329 969 389 1160 1046 160 922 243 690 0 442 874 141 1085 622 555 637 843 455 569 374 296 56 237 906 436 433 925 587 1044 932 776 830 804 435 839 355 853
728 126 770 707 715 577 227 449 184 448 581 674 615 558 257 207 257 829 40 185 832 365 670 842 962 276 94 506 490 521 823 799 85 745 842 410 757 435 250 455 456 614 557 481 671 314 189 535 708 548 58 840 468 71 287 287 632 456 91 878 762 367 582 217 162 568 879 350 750 126 686 604 513 896 180 778 627 370 563 209 367 442 0 816 313 733 211 254 202 809 332 438 136 307 386 459 503 21 49 776 539 751 901 706 446 756 529 402 432 431
744 930 478 131 330 679 826 619 743 802 773 452 212 281 930 769 566 685 823 729 481 534 207 225 168 974 739 935 327 508 760 835 878 72 785 660 450 633 612 981 1017 324 696 615 619 702 682 1217 365 1027 771 276 521 782 635 701 243 376 804 611 640 516 235 776 813 957 550 615 614 719 443 946 560 95 651 799 871 719 632 766 554 874 816 0 879 672 980 584 926 48 496 378 917 614 860 642 754 795 767 179 298 509 91 110 678 69 443 875 519 1109
1008 276 987 750 892 855 90 303 180 753 876 890 668 686 562 141 366 1088 352 479 1043 345 798 978 988 571 374 819 590 755 1097 1088 378 809 1119 250 967 707 491 766 764 785 840 747 930 178 243 805 897 860 281 992 383 255 552 577 645 600 403 1115 1018 364 659 129 153 881 1102 613 1002 403 899 916 384 972 302 1063 932 180 831 142 605 141 313 879 0 999 482 469 501 855 411 535 232 266 87 293 798 310 313 902 582 977 947 774 729 810 467 715 369 713
79 850 214 683 342 163 910 922 818 354 216 221 647 488 632 858 656 99 707 548 253 769 480 491 827 671 644 436 562 260 106 162 728 643 132 925 235 298 508 528 572 371 188 253 73 887 760 796 307 515 735 445 853 761 451 448 726 490 653 191 52 748 595 870 854 416 236 388 68 611 228 378 922 673 699 127 278 941 170 857 395 1085 733 672 999 0 746 531 677 708 653 583 870 801 1040 947 272 723 707 498 662 175 748 626 291 672 833 455 820 723
718 208 837 883 820 583 411 660 391 403 552 749 792 705 121 408 450 845 181 256 901 573 809 967 1135 103 249 402 656 593 818 768 125 910 831 620 831 470 370 321 304 730 557 517 697 521 400 328 804 411 269 955 678 280 367 324 820 604 179 918 785 572 751 416 351 464 934 415 780 263 763 510 724 1051 383 756 565 574 586 411 459 622 211 980 482 746 0 396 69 979 523 611 251 518 566 668 479 229 251 910 723 810 1069 872 459 926 735 318 641 231
547 380 528 490 461 396 382 428 288 354 438 430 401 311 356 328 139 619 249 151 588 283 420 588 740 398 164 467 262 287 632 634 300 514 655 417 512 249 43 468 492 359 386 284 461 361 228 656 456 543 229 586 390 251 110 173 440 209 221 649 549 268 356 340 332 517 640 156 533 138 441 534 457 656 168 606 515 418 367 327 136 555 254 584 469 531 396 0 344 584 177 222 382 286 509 450 368 236 211 524 341 514 673 476 283 530 413 372 351 546
651 239 769 834 755 514 422 647 386 336 486 681 744 649 65 409 415 776 165 197 833 547 750 904 1084 73 213 347 606 526 750 703 123 858 764 611 763 402 314 274 265 668 488 448 628 516 383 338 738 367 257 891 655 273 304 257 777 550 142 849 716 544 701 418 359 409 865 349 711 219 695 454 707 995 357 689 502 572 517 411 396 637 202 926 501 677 69 344 0 928 485 564 278 500 580 658 412 216 232 850 679 741 1016 819 390 874 707 256 617 230
779 920 519 105 368 707 806 587 725 821 800 488 195 292 935 750 555 726 818 732 525 511 234 273 156 979 736 955 323 532 798 871 874 74 825 629 491 652 615 996 1031 352 723 638 653 677 666 1226 403 1045 762 323 489 771 643 710 212 381 802 655 678 494 228 756 797 979 595 628 653 717 480 970 525 134 640 835 899 691 660 747 566 843 809 48 855 708 979 584 928 0 483 371 904 592 832 610 777 787 760 222 279 548 93 109 698 53 410 891 491 1118
684 437 594 379 485 542 342 270 251 529 598 500 287 275 512 283 74 729 348 313 646 117 387 568 633 549 274 645 182 392 758 777 405 424 783 273 571 404 221 644 665 378 537 429 579 253 187 815 493 721 281 581 216 288 286 350 300 193 345 733 659 97 262 291 319 693 709 320 638 266 507 708 284 583 156 745 682 298 504 280 277 455 332 496 411 653 523 177 485 483 0 125 421 158 420 295 534 310 283 493 207 591 577 385 445 432 236 549 177 704
