27
0 215 875 612 559 556 864 751 582 731 117 763 501 750 123 41 785 464 582 18 702 837 218 589 795 716 750
215 0 664 470 356 367 677 590 371 523 249 579 295 538 335 187 574 289 399 221 539 654 326 393 584 641 548
875 664 0 474 324 503 249 636 375 350 907 270 456 125 998 851 309 453 356 884 617 273 962 459 80 707 401
612 470 474 0 263 618 313 851 506 621 697 224 514 399 727 609 629 197 158 628 809 278 788 603 412 255 676
559 356 324 263 0 365 330 591 244 361 605 242 267 205 683 539 376 138 107 569 550 315 674 344 243 516 414
556 367 503 618 365 0 651 242 137 203 527 585 105 401 656 518 266 436 470 554 195 648 540 47 447 860 202
864 677 249 313 330 651 0 834 514 553 925 101 571 268 986 850 528 399 281 876 806 36 1001 616 239 496 609
751 590 636 851 591 242 834 0 346 287 694 786 346 567 832 711 330 676 698 745 50 839 675 248 604 1098 235
582 371 375 506 244 137 514 346 0 155 580 451 88 266 695 548 203 342 351 585 307 512 615 103 313 757 193
731 523 350 621 361 203 553 287 155 0 718 515 229 284 839 695 62 481 463 732 268 561 740 157 318 877 57
117 249 907 697 605 527 925 694 580 718 0 826 493 781 138 95 776 531 646 98 647 902 102 566 829 823 728
763 579 270 224 242 585 101 786 451 515 826 0 497 239 885 749 502 298 180 775 753 75 904 555 229 437 573
501 295 456 514 267 105 571 346 88 229 493 497 0 340 611 466 284 331 369 502 300 564 526 106 389 755 253
750 538 125 399 205 401 268 567 266 284 781 239 340 0 872 725 264 340 259 758 540 277 837 360 49 648 341
123 335 998 727 683 656 986 832 695 839 138 885 611 872 0 148 895 587 705 114 784 959 201 692 918 810 854
41 187 851 609 539 518 850 711 548 695 95 749 466 725 148 0 750 452 569 36 661 825 197 552 771 727 713
785 574 309 629 376 266 528 330 203 62 776 502 284 264 895 750 0 505 472 786 318 540 801 219 289 885 95
464 289 453 197 138 436 399 676 342 481 531 298 331 340 587 452 505 0 118 477 631 373 614 429 374 424 529
582 399 356 158 107 470 281 698 351 463 646 180 369 259 705 569 472 118 0 595 657 256 725 451 282 413 518
18 221 884 628 569 554 876 745 585 732 98 775 502 758 114 36 786 477 595 0 696 851 200 589 804 735 750
702 539 617 809 550 195 806 50 307 268 647 753 300 540 784 661 318 631 657 696 0 809 631 206 579 1054 222
837 654 273 278 315 648 36 839 512 561 902 75 564 277 959 825 540 373 256 851 809 0 980 615 253 460 618
218 326 962 788 674 540 1001 675 615 740 102 904 526 837 201 197 801 614 725 200 631 980 0 584 886 923 742
589 393 459 603 344 47 616 248 103 157 566 555 106 360 692 552 219 429 451 589 206 615 584 0 405 850 161
795 584 80 412 243 447 239 604 313 318 829 229 389 49 918 771 289 374 282 804 579 253 886 405 0 654 374
716 641 707 255 516 860 496 1098 757 877 823 437 755 648 810 727 885 424 413 735 1054 460 923 850 654 0 931
750 548 401 676 414 202 609 235 193 57 728 573 253 341 854 713 95 529 518 750 222 618 742 161 374 931 0
