290
0 459 601 482 363 367 242 358 554 617 567 137 116 319 354 632 403 810 600 471 427 230 131 278 302 560 576 533 363 264 420 683 705 376 322 299 425 469 122 601 507 417 261 416 510 352 232 656 413 478 553 460 659 503 274 320 245 146 301 599 443 435 573 557 214 559 555 562 181 445 282 354 399 405 105 204 279 606 500 153 624 302 627 732 194 371 143 131 319 450 580 522 406 569 387 484 514 328 396 662 380 168 508 197 580 188 151 550 312 690 387 71 302 243 345 414 597 170 500 330 537 129 441 599 367 153 311 381 544 488 380 390 297 621 435 628 242 180 386 501 494 136 167 544 183 499 560 306 560 307 244 559 136 442 626 458 325 48 416 37 259 435 583 470 344 418 383 243 354 368 220 211 406 564 91 563 690 292 485 613 452 285 211 572 418 440 202 367 359 571 433 561 441 280 194 658 607 551 575 334 646 538 500 302 421 343 343 104 148 464 607 587 274 251 101 496 491 253 554 98 386 411 482 504 332 322 400 306 415 457 122 412 253 725 408 550 178 297 772 379 561 595 404 223 421 637 73 373 355 379 494 329 333 323 451 61 131 760 306 329 466 142 565 414 387 144 566 486 291 80 423 572 417 393 395 345 651 449 517 316 379 52 407 315 551 600 241 244 493 445
459 0 700 569 822 187 653 231 557 957 689 583 470 396 117 979 252 1055 875 865 886 684 484 599 508 834 905 917 822 721 879 938 1160 386 665 211 547 582 337 931 833 761 440 747 908 398 567 900 76 440 990 581 1118 557 349 403 466 483 217 1058 136 889 1024 894 637 1019 1014 771 612 390 731 687 496 184 416 623 291 878 911 315 331 731 398 971 318 508 400 327 722 865 528 963 74 468 276 510 575 326 373 1120 812 583 631 626 888 288 599 251 706 1006 820 411 270 671 136 56 908 293 646 698 991 570 361 1056 530 421 771 136 872 198 651 810 513 329 519 1083 431 352 253 369 483 396 434 892 453 542 598 375 643 705 656 1018 592 536 312 742 217 411 783 438 418 180 331 579 114 610 793 688 795 824 241 561 696 848 532 738 916 193 826 925 895 690 525 946 182 547 618 380 704 1014 632 754 881 543 645 860 955 615 682 498 798 386 100 685 329 502 755 492 519 149 976 637 435 318 560 903 81 410 949 458 838 830 778 958 660 731 612 279 792 780 581 594 543 986 449 867 364 190 1020 834 226 418 858 659 268 793 473 761 472 838 953 743 609 585 222 520 539 1023 234 244 522 514 755 320 424 601 548 747 635 531 882 839 243 293 824 572 917 419 968 405 626 505 77 230 382 1056 218 658 487 467
601 700 0 136 718 778 495 803 161 451 41 694 485 333 692 478 447 396 303 512 803 615 732 366 299 284 404 514 772 736 799 314 1064 318 380 520 181 136 608 418 368 1001 839 1005 540 316 832 276 624 1007 702 143 972 142 807 872 834 746 738 885 570 864 981 412 518 889 901 167 536 312 612 361 971 516 687 773 775 300 575 641 521 546 441 321 490 953 474 601 489 972 223 977 629 289 855 190 1086 387 917 1006 889 506 93 531 360 539 698 528 466 443 893 645 452 533 586 647 374 571 105 912 778 698 342 962 234 454 710 566 386 533 276 551 891 518 1007 1001 819 720 446 358 222 706 753 430 418 1064 1129 848 56 873 810 844 599 176 546 280 763 591 428 628 828 525 471 1053 640 1015 923 584 849 802 630 422 1005 305 673 112 266 699 390 385 917 486 812 508 519 171 507 898 380 735 185 141 646 880 594 200 463 86 26 270 112 363 640 445 911 928 513 705 748 567 516 79 847 439 614 558 651 820 555 502 676 933 303 762 927 501 215 792 981 349 619 192 359 356 960 365 463 703 370 697 568 379 693 766 434 111 530 463 928 742 813 875 935 924 489 623 724 387 757 467 178 743 138 380 282 610 183 243 387 653 764 274 856 870 581 943 314 977 749 871 980 635 624 764 378 975 604 808 217 232
482 569 136 0 651 642 418 667 105 483 120 586 369 198 557 510 320 498 354 494 738 532 610 283 184 322 431 513 697 647 733 394 1012 184 319 384 58 28 477 451 376 892 710 894 529 180 714 354 493 872 679 38 928 38 674 740 706 624 602 843 443 790 915 431 435 838 847 222 445 191 540 311 840 387 561 666 640 354 557 508 430 482 362 416 356 823 347 469 431 881 167 901 497 214 719 76 954 252 782 956 798 411 64 443 395 405 593 420 406 499 803 520 317 456 451 516 412 437 88 803 740 588 221 906 118 330 634 435 405 414 223 508 764 426 875 944 690 588 316 251 116 577 626 443 298 931 996 715 83 769 704 800 499 41 452 272 627 466 400 505 698 399 375 923 505 890 826 505 761 724 495 326 888 341 560 176 359 562 388 427 837 419 691 519 392 42 420 764 333 712 134 200 605 757 505 297 491 69 114 147 228 267 516 382 775 799 460 586 630 443 535 105 717 303 508 541 525 689 554 384 619 841 306 719 812 444 147 656 878 339 517 112 260 441 827 388 332 567 466 636 459 300 638 664 309 223 414 421 797 675 760 775 814 802 366 511 609 476 621 333 49 624 199 254 147 512 129 249 315 541 703 318 720 734 536 819 382 842 711 738 858 520 493 628 284 917 468 702 111 105
363 822 718 651 0 723 235 706 752 471 677 263 374 581 717 469 723 735 547 287 86 142 392 368 487 523 460 342 67 135 81 627 368 642 338 644 597 627 486 475 423 423 534 442 300 612 396 620 772 763 236 616 303 687 593 610 502 403 657 236 791 149 264 437 226 203 205 596 231 712 113 357 645 744 434 278 619 554 264 515 941 172 921 681 527 606 447 495 230 301 803 261 765 819 723 694 738 625 701 317 226 269 640 225 492 540 247 878 252 557 225 421 626 198 701 775 500 529 617 360 182 278 722 260 541 436 56 732 442 824 443 194 519 937 674 296 522 517 706 784 721 464 459 412 429 739 784 611 702 303 280 196 230 625 949 457 679 411 318 389 545 774 892 680 707 589 288 154 188 103 583 340 488 512 306 629 664 653 391 508 211 233 419 386 757 615 244 668 340 241 537 611 148 476 182 667 452 711 694 529 704 820 855 273 742 578 210 366 367 810 418 744 549 565 261 273 848 544 335 379 67 272 452 147 416 218 511 646 368 404 241 543 403 651 680 461 491 658 701 37 898 874 69 231 736 695 355 268 610 23 132 268 478 488 779 305 328 676 657 658 664 368 615 710 633 220 773 498 337 300 61 540 761 724 168 527 592 740 168 606 522 322 765 667 836 268 603 274 718 672
367 187 778 642 723 0 599 43 659 948 759 464 424 446 97 968 364 1092 894 826 775 597 345 584 528 852 901 885 709 604 768 968 1032 463 645 260 605 647 252 927 828 591 265 575 867 462 408 933 213 263 920 643 1004 641 172 218 295 339 65 953 288 763 893 886 575 907 899 813 544 492 649 673 308 306 290 486 119 898 861 215 505 667 560 1008 309 321 370 248 674 713 646 824 202 597 93 599 391 391 187 998 671 524 696 560 893 260 481 421 663 1010 678 302 326 607 207 191 912 242 704 537 902 449 468 934 570 396 668 245 867 358 661 754 336 503 332 957 260 209 357 497 583 261 284 878 437 359 417 191 724 553 513 917 503 603 490 752 45 326 756 335 243 320 494 392 150 425 642 610 660 705 169 530 519 862 417 790 957 86 814 929 759 640 366 920 312 610 560 192 685 939 669 801 809 370 561 908 943 700 756 533 862 524 283 647 151 318 703 362 378 308 953 728 257 344 465 856 264 237 911 406 752 681 784 867 492 680 642 99 629 775 485 634 535 1015 263 867 351 81 1055 742 404 566 770 528 386 856 409 723 286 735 849 595 433 409 361 420 408 1051 66 316 602 375 803 425 497 509 656 767 612 422 780 860 78 111 761 391 941 238 882 221 445 401 208 58 525 931 180 516 585 552
242 653 495 418 235 599 0 595 517 380 454 245 182 353 566 392 510 599 391 228 321 120 345 134 252 355 344 290 280 243 316 477 602 413 121 453 362 394 346 368 280 534 493 544 268 383 411 457 591 718 339 383 527 452 517 559 471 361 534 448 595 372 498 324 32 431 437 397 67 482 122 151 627 541 346 315 521 397 262 384 721 81 693 529 337 595 253 350 76 479 567 484 587 585 628 458 739 406 639 548 395 75 411 52 356 365 241 665 71 458 399 313 420 38 521 600 372 367 391 449 358 256 494 494 305 234 216 542 314 617 222 157 512 717 662 531 476 422 494 555 486 378 400 307 213 729 786 547 473 401 344 405 140 390 731 265 560 275 178 279 495 571 670 689 541 619 436 89 355 307 435 109 563 353 253 418 497 516 254 386 422 42 411 330 554 380 40 608 143 364 310 406 233 482 107 482 368 480 470 294 499 590 666 69 664 566 104 312 341 611 364 514 507 358 176 257 662 490 313 197 214 441 275 330 482 81 282 547 502 238 167 311 168 513 644 324 293 522 562 225 689 644 234 292 519 490 190 131 585 259 354 391 516 514 569 213 302 545 542 453 428 338 410 487 400 146 538 303 108 234 290 371 655 635 171 546 441 690 332 555 564 234 586 551 607 503 443 340 482 437
358 231 803 667 706 43 595 0 689 953 782 445 425 469 136 971 399 1106 905 824 754 585 321 590 543 864 907 884 689 584 747 981 1006 490 649 289 627 670 250 933 834 554 228 537 864 487 376 947 255 223 910 665 981 667 135 176 260 314 67 934 329 739 866 891 570 886 877 829 538 524 638 678 265 344 272 460 89 910 857 211 547 660 601 1023 324 279 378 248 671 681 678 795 244 632 54 627 348 418 145 974 642 520 718 554 901 274 461 463 661 1017 650 290 353 601 243 234 920 251 725 503 886 429 501 910 589 404 650 283 873 399 672 748 296 545 288 931 224 188 391 533 613 241 257 882 446 316 376 150 749 522 485 898 492 627 532 762 40 320 758 324 206 359 535 348 187 382 610 600 634 682 180 533 479 872 399 810 972 104 818 937 731 637 334 920 350 633 555 149 689 927 686 819 798 333 550 926 946 727 780 552 883 561 326 647 113 276 699 341 353 350 954 756 219 365 453 852 308 201 908 406 739 650 793 852 455 677 658 64 594 781 472 652 543 1027 219 874 364 99 1069 727 446 605 756 504 421 876 406 722 243 718 830 565 395 370 400 407 385 1064 54 347 628 350 821 458 523 497 687 779 617 406 762 872 60 72 753 350 953 198 868 179 405 387 249 44 562 906 199 488 615 580
554 557 161 105 752 659 517 689 0 578 173 669 448 242 567 605 306 557 440 598 839 629 678 384 273 413 526 615 796 740 833 467 1115 201 424 399 155 133 529 545 476 970 762 971 633 213 784 428 484 904 784 143 1032 66 715 783 763 691 627 948 423 888 1016 529 532 941 950 303 540 169 640 416 886 374 622 747 676 439 662 555 360 585 281 480 402 873 413 520 535 971 67 998 490 128 743 70 998 272 815 1059 890 504 148 539 488 446 677 368 510 585 895 582 336 555 456 508 504 481 178 882 845 669 196 1009 212 400 732 429 502 379 328 613 823 357 921 1046 743 638 308 199 76 634 685 543 375 973 1037 756 113 851 787 905 588 127 385 373 651 531 505 573 748 378 309 972 513 948 914 604 853 821 528 421 958 433 638 249 424 586 490 518 933 521 758 619 375 137 517 801 438 817 238 277 710 820 600 358 587 80 155 232 273 202 489 486 801 851 565 656 701 417 634 85 768 341 593 646 501 739 656 460 722 931 406 824 886 547 252 688 961 442 603 217 354 512 867 485 388 590 529 739 409 219 741 750 289 272 492 526 845 776 864 861 881 866 339 590 684 544 648 342 91 695 276 239 175 601 25 347 417 620 805 406 737 759 641 879 461 875 816 782 922 597 485 653 216 1019 497 785 73 113
617 957 451 483 471 948 380 953 578 0 418 619 528 573 895 27 746 271 151 184 532 461 725 365 451 167 53 131 538 567 532 193 717 608 303 745 462 456 703 32 123 878 873 893 174 585 786 209 884 1095 321 449 614 520 890 937 851 741 888 529 861 611 681 62 412 559 579 284 447 652 420 275 1008 802 722 680 887 156 215 743 906 353 845 239 649 976 578 704 309 772 645 714 883 698 992 558 1119 644 1013 660 695 449 429 431 91 692 612 881 308 86 695 687 689 394 821 900 77 706 399 801 425 632 678 636 448 553 499 827 85 856 308 283 892 903 1043 674 855 794 735 724 598 753 779 72 513 1109 1166 924 474 747 701 498 518 489 926 222 915 641 201 654 874 824 851 1068 858 995 753 427 656 574 779 419 925 146 632 339 248 862 134 69 678 339 789 92 811 474 419 984 264 352 358 310 332 860 471 288 20 502 440 471 370 746 938 315 1033 946 298 692 720 870 76 519 887 638 556 202 941 869 153 547 405 742 185 427 845 311 364 913 831 176 545 394 417 197 1023 96 602 868 243 435 916 783 411 646 745 364 553 250 965 488 499 723 888 889 805 594 680 212 899 719 526 717 313 695 576 522 604 235 336 614 484 177 1014 1001 304 923 166 1067 402 933 937 614 881 908 764 653 774 696 593 571
567 689 41 120 677 759 454 782 173 418 0 656 450 312 675 445 439 386 273 472 762 574 698 326 265 251 370 476 730 696 758 294 1022 304 339 502 155 111 579 385 330 963 809 968 501 298 797 254 613 982 661 116 931 137 780 845 802 713 716 844 563 823 939 376 478 848 860 135 496 308 571 319 942 507 655 736 750 271 535 613 531 505 454 307 464 922 443 573 447 932 239 935 617 302 833 186 1058 370 892 965 848 467 63 490 327 514 660 531 424 416 852 613 435 492 571 636 342 545 67 874 737 660 338 920 203 423 669 555 350 530 234 509 859 528 978 959 789 691 436 360 222 675 721 394 385 1036 1100 821 60 835 772 803 560 156 555 240 742 558 387 594 799 518 479 1023 624 983 884 543 809 760 606 384 969 272 637 79 251 677 351 354 876 444 778 472 511 148 467 872 338 695 144 108 605 847 554 186 430 92 22 240 109 370 635 404 888 897 471 670 713 562 481 101 817 416 576 519 644 790 517 468 634 893 264 721 891 459 175 768 942 309 581 155 322 338 933 330 435 682 357 656 570 392 651 727 427 104 495 421 899 700 772 835 900 890 484 587 688 371 735 452 167 708 106 372 266 571 197 203 346 616 722 242 836 848 540 910 289 952 708 843 946 599 613 741 386 933 582 769 217 223
137 583 694 586 263 464 245 445 669 619 656 0 221 444 471 628 540 845 635 449 310 165 130 338 402 599 587 513 244 140 303 721 577 504 358 435 528 570 247 610 526 307 277 312 481 478 166 700 544 508 483 560 540 612 330 351 247 142 400 489 578 305 442 566 212 442 435 626 180 574 218 390 400 541 174 79 356 642 460 267 761 269 763 773 331 364 272 258 309 314 702 386 535 697 460 600 505 461 441 538 243 196 602 193 602 324 16 687 313 700 250 171 439 225 477 542 616 303 589 218 445 16 573 474 468 276 206 515 558 625 442 354 277 758 432 500 263 256 523 634 615 203 196 547 294 499 552 349 659 182 118 453 105 549 763 503 419 182 420 147 285 572 720 451 470 376 250 195 218 242 341 273 321 598 50 638 738 401 499 630 316 282 173 557 554 544 211 408 386 495 514 631 375 242 147 718 605 656 667 440 721 672 632 314 480 335 322 103 109 600 592 691 291 386 80 462 621 283 525 211 304 275 519 410 240 307 481 384 291 483 79 501 334 758 427 569 311 406 807 288 698 729 318 86 558 712 178 369 361 273 385 195 270 270 588 81 67 790 398 466 578 109 634 548 510 98 684 538 334 57 317 613 498 461 348 303 686 483 429 347 319 84 537 407 685 473 369 116 614 565
116 470 485 369 374 424 182 425 448 528 450 221 0 226 384 545 350 702 494 403 451 231 248 171 187 453 483 461 394 313 445 575 737 287 225 275 312 355 175 508 411 522 372 524 445 260 346 546 410 577 520 346 677 393 369 423 359 263 361 606 420 479 616 466 167 577 578 447 146 359 269 255 509 370 214 299 360 499 443 215 570 260 558 623 157 484 74 176 254 530 481 579 405 478 464 379 626 255 491 689 452 113 392 157 481 182 230 505 240 595 458 173 252 201 340 418 499 186 383 434 528 220 362 629 253 63 333 364 449 450 268 340 413 566 546 662 352 272 333 424 394 240 279 456 73 609 671 405 446 403 338 564 155 331 576 351 388 120 332 147 367 400 523 584 358 535 469 225 419 409 256 108 519 459 190 446 578 339 393 515 510 221 327 496 383 327 148 464 264 544 317 445 412 397 192 544 520 439 459 222 529 461 488 223 507 457 286 219 262 438 529 475 383 191 148 437 483 359 488 20 376 489 377 497 443 262 284 385 512 359 162 295 138 619 512 452 117 345 664 378 524 518 396 304 363 520 45 300 465 394 505 415 449 439 405 142 239 655 371 284 358 257 449 342 290 168 462 375 192 171 435 464 486 473 353 461 544 547 503 420 495 150 405 381 475 634 261 337 393 344
319 396 333 198 581 446 353 469 242 573 312 444 226 0 365 597 174 660 479 516 663 442 438 245 124 439 520 556 611 537 657 542 949 62 309 194 158 200 287 544 450 736 520 735 557 34 545 504 320 674 677 196 879 204 478 545 521 450 404 802 289 699 834 512 355 782 786 376 350 133 468 321 647 229 380 520 443 482 572 315 369 433 340 576 161 632 175 278 400 756 261 803 322 252 521 172 760 71 584 898 679 312 249 355 497 208 454 321 377 614 685 341 127 386 267 340 517 241 258 649 711 442 141 841 133 168 547 261 487 286 264 490 580 365 682 876 501 396 162 203 176 392 443 514 156 736 801 519 281 624 560 759 380 157 381 352 430 291 423 334 507 251 316 731 316 706 694 426 645 630 297 244 719 454 407 347 521 365 448 534 734 375 517 577 238 163 337 567 342 706 236 361 581 578 406 467 574 261 310 103 416 239 366 352 577 610 434 418 463 297 603 293 527 105 375 560 370 498 593 233 568 716 389 683 648 412 216 458 733 399 389 197 191 590 631 479 146 370 625 577 351 294 588 529 177 409 265 418 605 603 706 640 640 624 234 363 450 627 423 152 164 457 362 135 68 393 250 352 286 391 639 443 524 536 513 637 520 644 683 544 680 366 318 430 255 847 270 559 176 129
354 117 692 557 717 97 566 136 567 895 675 471 384 365 0 916 268 1021 829 787 778 583 367 530 459 787 845 842 713 610 771 899 1048 374 595 172 524 564 231 871 773 644 325 630 829 377 449 863 120 359 898 560 1010 553 235 295 349 366 103 952 192 776 911 832 546 911 905 738 519 399 633 621 393 209 301 507 178 832 828 204 412 640 464 937 246 400 320 223 639 748 551 848 109 500 189 509 483 305 280 1009 696 492 613 533 833 204 487 327 624 952 704 300 240 580 111 101 853 198 624 580 891 458 374 945 494 344 665 148 812 262 598 723 399 410 419 971 314 234 262 400 491 279 316 827 382 452 512 265 637 587 539 914 490 519 399 690 110 307 710 329 303 223 399 479 54 501 676 591 680 714 134 484 581 799 421 712 884 75 761 870 780 605 407 875 215 527 529 280 635 920 596 725 788 426 545 832 891 612 671 458 781 427 199 605 248 392 670 377 402 214 906 639 320 268 456 821 182 295 871 368 739 713 724 858 543 646 571 170 674 719 476 559 478 946 352 809 292 72 984 733 313 469 758 545 289 774 379 683 365 733 848 626 493 469 264 413 424 983 123 226 514 398 727 330 410 498 563 700 563 421 777 794 172 207 734 458 874 334 870 296 512 397 114 121 428 945 123 542 493 463
632 979 478 510 469 968 392 971 605 27 445 628 545 597 916 0 771 282 177 186 528 468 738 385 475 194 80 127 536 571 528 213 703 633 322 768 489 483 721 60 147 881 886 897 169 610 795 232 907 1110 308 476 600 547 906 951 863 753 906 516 885 607 672 85 424 549 568 311 459 678 425 295 1020 826 737 687 904 182 209 761 933 360 872 257 670 987 598 722 320 771 673 708 906 725 1009 585 1131 668 1029 647 695 463 457 443 118 712 621 907 321 91 695 702 713 404 843 923 104 726 427 806 414 642 704 625 473 572 501 850 110 881 332 286 903 929 1055 663 869 810 760 750 625 768 793 89 534 1121 1178 938 501 751 707 486 529 516 952 248 933 658 215 669 888 849 878 1079 879 1004 754 435 656 573 798 438 931 173 644 366 270 881 154 94 674 351 800 84 836 501 433 999 282 337 385 337 328 870 481 313 25 529 467 495 396 773 962 330 1050 958 306 704 731 894 59 546 900 661 567 197 965 883 142 565 403 742 211 417 851 321 390 930 833 199 556 421 438 213 1037 122 623 887 256 433 941 810 407 652 770 390 569 261 978 486 490 726 896 898 830 606 691 224 917 743 553 729 340 720 601 532 631 262 355 626 479 204 1032 1018 305 932 188 1081 391 947 945 627 904 927 791 643 795 702 620 598
403 252 447 320 723 364 510 399 306 746 439 540 350 174 268 771 0 813 646 688 802 581 492 416 299 607 693 731 743 657 795 701 1088 142 481 126 305 335 318 717 624 799 526 793 731 162 598 662 178 622 843 335 1026 305 457 526 538 500 346 953 124 826 964 686 505 927 928 530 492 137 616 495 630 68 422 606 407 647 743 326 221 591 230 730 209 626 278 306 565 854 283 921 184 232 454 257 734 107 537 1039 784 456 382 501 668 225 554 155 544 784 791 394 101 539 157 202 688 256 401 719 868 533 109 979 300 287 683 124 661 111 439 656 596 218 662 1012 509 403 17 133 231 421 472 688 297 704 768 496 391 706 645 910 503 289 226 525 365 361 597 402 507 81 180 718 214 716 786 572 756 757 270 402 761 623 495 492 674 304 623 705 851 537 561 752 72 301 486 529 515 871 399 511 742 608 542 614 748 362 430 275 548 164 198 519 513 610 600 483 524 126 778 384 528 159 486 732 206 498 767 348 720 814 562 839 702 576 385 413 810 574 504 360 360 749 600 652 235 306 780 725 179 214 740 627 22 543 376 589 594 744 853 731 675 655 60 460 525 786 368 76 271 518 512 67 179 515 298 521 456 483 784 609 441 472 677 657 683 594 842 526 708 456 179 371 169 984 232 645 234 215
810 1055 396 498 735 1092 599 1106 557 271 386 845 702 660 1021 282 813 0 210 449 801 702 933 532 563 249 275 401 801 818 800 126 986 671 491 853 509 479 870 260 322 1126 1072 1138 444 657 1009 158 979 1279 591 478 882 522 1070 1126 1055 949 1038 799 937 879 953 298 632 831 850 284 665 689 669 458 1209 879 914 914 1055 204 486 908 917 596 837 83 783 1181 731 867 543 1034 619 984 981 686 1152 571 1325 728 1191 929 955 655 433 651 247 832 841 916 533 191 956 874 787 624 927 999 236 855 412 1044 696 855 719 907 527 706 757 919 295 912 436 541 1103 914 1245 945 1052 974 807 746 608 942 977 322 663 1310 1371 1108 445 993 941 769 739 524 941 351 1066 822 431 845 1068 894 865 1279 974 1216 1009 666 915 837 925 599 1162 247 847 321 139 1005 352 226 945 564 1005 363 885 511 634 1166 458 620 425 301 602 1078 703 200 291 478 402 562 284 756 1012 530 1201 1153 543 900 935 939 342 475 1084 752 772 472 1019 1061 424 723 671 1003 328 698 1081 549 449 1077 1084 361 766 462 568 86 1215 279 741 1011 37 700 956 776 678 886 804 285 738 486 1165 753 770 975 1115 1112 863 802 899 59 1054 811 547 931 300 749 634 746 579 328 520 827 753 237 1165 1164 566 1142 159 1249 673 1123 1164 821 977 1062 772 925 911 937 603 603
600 875 303 354 547 894 391 905 440 151 273 635 494 479 829 177 646 210 0 273 621 498 722 323 370 41 113 247 611 617 619 86 838 503 280 666 345 329 664 120 123 921 862 933 284 484 799 74 799 1071 448 324 738 388 863 917 844 738 838 651 766 695 785 130 423 672 689 138 455 536 469 247 999 707 705 706 850 7 326 703 784 395 716 139 585 971 528 662 339 841 508 805 800 565 949 431 1114 551 985 780 759 445 294 442 66 633 632 768 327 145 761 665 604 417 742 818 74 654 266 838 543 645 564 749 346 502 561 740 112 752 233 353 892 780 1035 788 842 766 637 603 471 733 767 154 459 1100 1161 900 332 788 734 615 529 368 805 143 866 614 231 636 859 726 729 1068 785 1005 810 461 718 647 725 389 954 37 637 194 118 807 155 83 758 357 795 225 715 354 424 959 248 481 246 165 429 867 496 140 166 362 295 377 218 622 843 321 997 942 343 690 725 772 223 375 874 562 561 309 848 852 282 514 487 807 118 538 873 346 263 873 883 153 556 285 363 125 1006 89 542 813 173 515 805 653 498 680 641 212 529 285 955 567 603 773 905 902 701 592 688 160 852 631 401 721 167 588 468 537 466 128 309 616 574 36 965 961 381 931 51 1042 517 914 954 610 797 861 639 764 714 730 465 451
471 865 512 494 287 826 228 824 598 184 472 449 403 516 787 186 688 449 273 0 352 285 565 273 392 259 174 64 354 385 351 348 567 565 206 657 453 465 573 188 155 694 715 710 42 537 614 347 798 943 189 455 469 532 744 783 690 580 762 381 790 430 512 152 256 399 415 359 291 624 239 196 846 733 573 503 749 281 63 612 879 179 832 400 547 812 467 577 152 588 661 536 795 699 856 558 954 581 866 509 510 304 457 274 212 583 440 837 162 271 511 542 612 230 730 810 216 590 428 619 273 463 644 475 416 444 314 745 162 800 274 99 726 875 880 514 699 651 674 699 595 605 624 126 412 947 1001 774 515 565 522 344 354 484 894 232 788 504 95 507 719 759 824 900 757 822 568 253 471 390 660 304 745 244 469 405 391 742 126 223 496 186 622 108 744 470 269 835 174 223 360 380 156 691 302 407 167 535 493 425 465 729 865 181 892 782 129 532 555 803 143 561 729 554 394 47 864 714 85 420 221 558 209 265 666 148 349 776 646 163 381 384 329 367 867 184 501 748 416 251 867 775 229 466 693 457 417 104 805 305 330 539 713 716 748 437 513 390 770 645 525 553 384 649 540 356 623 269 233 452 304 276 884 863 119 752 313 916 245 780 761 458 794 780 746 491 663 517 590 556
427 886 803 738 86 775 321 754 839 532 762 310 451 663 778 528 802 801 621 352 0 222 434 454 572 599 527 401 65 170 7 699 286 725 423 717 683 713 549 540 498 401 566 423 358 696 417 695 840 789 256 702 231 773 634 643 532 443 711 180 864 79 177 505 310 132 128 678 313 796 199 442 664 818 485 304 666 628 318 574 1021 257 1003 752 602 625 524 559 314 252 889 184 833 904 766 780 749 705 735 238 193 351 726 308 563 610 294 956 337 618 190 478 703 283 771 842 569 597 702 354 169 325 804 178 627 515 118 803 512 900 528 268 540 1017 690 212 557 566 785 867 807 513 501 479 510 753 794 647 788 300 294 149 301 711 1028 538 730 475 396 449 580 849 973 689 772 594 259 238 165 79 646 424 479 588 359 712 739 711 466 576 147 319 447 443 832 701 328 702 424 249 622 694 200 495 259 745 513 798 779 614 786 903 925 359 780 598 292 413 405 883 472 830 580 642 327 330 917 580 387 454 134 233 532 140 416 302 597 693 340 483 307 629 489 720 705 533 568 716 769 107 974 958 123 256 815 777 428 348 633 62 82 256 484 498 856 366 369 742 709 734 750 407 698 791 717 290 860 580 423 357 48 616 807 765 240 538 664 768 169 639 525 381 834 718 918 184 669 289 803 758
230 684 615 532 142 597 120 585 629 461 574 165 231 442 583 468 581 702 498 285 222 0 290 251 357 465 435 350 169 123 215 583 508 504 241 502 475 510 352 456 380 423 440 436 316 475 328 567 631 671 325 499 446 565 484 513 412 304 531 377 648 260 392 412 97 346 347 515 92 575 54 269 566 601 315 218 501 505 294 384 799 108 782 637 385 530 304 360 159 358 675 369 625 686 608 566 671 483 600 458 274 129 530 89 455 399 155 736 171 545 278 295 483 84 561 636 468 391 510 342 307 181 583 400 416 293 105 590 409 681 342 188 443 795 598 434 425 399 564 645 591 347 354 392 288 665 718 508 592 290 240 335 93 502 806 381 554 276 270 261 447 631 751 616 569 536 317 36 234 192 449 208 463 461 195 539 609 522 350 480 305 142 339 394 614 493 112 568 258 342 430 525 215 406 39 598 447 596 590 399 619 682 713 181 635 501 163 259 275 667 429 631 455 422 131 296 706 444 360 236 155 321 387 274 383 153 401 529 386 345 112 429 275 616 591 423 348 528 666 150 755 737 174 185 594 610 213 216 526 163 274 275 428 431 636 177 233 645 534 515 538 273 530 569 497 87 648 420 228 182 203 481 642 611 182 466 547 645 286 509 476 197 625 544 697 405 466 235 588 541
131 484 732 610 392 345 345 321 678 725 698 130 248 438 367 738 492 933 722 565 434 290 0 405 433 683 689 629 369 264 427 807 687 491 442 373 555 599 174 713 622 307 151 302 600 471 107 782 457 381 612 591 660 630 200 222 125 16 283 614 504 418 548 669 313 565 556 692 278 556 344 475 282 478 71 141 231 729 583 176 706 387 722 857 293 250 265 187 417 381 699 482 447 681 331 608 394 435 311 653 329 279 638 294 697 267 145 626 416 803 337 99 396 334 397 451 714 236 631 227 574 114 548 589 498 280 335 440 658 560 509 474 170 702 317 611 135 136 476 605 615 87 66 653 313 383 441 219 690 223 172 580 210 570 703 583 300 146 524 105 157 506 671 345 377 287 310 315 315 361 250 337 280 685 95 694 817 293 598 729 415 387 80 671 490 569 306 278 476 625 565 692 503 149 264 787 714 680 706 464 777 642 546 411 350 221 436 33 35 527 706 715 165 355 170 582 533 154 645 230 434 346 604 540 212 418 531 258 320 575 184 543 384 847 302 666 292 297 895 418 630 697 449 183 513 768 204 476 240 401 512 259 203 191 531 132 65 882 278 416 592 30 695 516 507 209 688 613 413 112 445 697 372 332 471 213 774 355 559 218 248 112 450 287 652 586 285 174 614 567
278 599 366 283 368 584 134 590 384 365 326 338 171 245 530 385 416 532 323 273 454 251 405 0 127 282 317 320 414 370 449 405 732 299 67 388 228 260 344 343 244 642 540 649 315 270 492 377 529 748 432 249 653 318 540 594 524 421 524 571 517 507 632 302 153 559 567 289 170 364 256 90 677 459 382 416 529 328 327 383 613 202 576 454 285 650 213 343 158 606 436 618 527 458 631 326 793 308 662 677 523 143 279 165 311 327 340 566 134 427 527 342 339 172 462 542 330 342 260 554 473 344 380 625 173 187 350 474 283 527 104 247 575 609 713 663 520 443 401 439 357 410 445 296 148 778 839 576 340 512 451 527 236 256 626 180 551 290 185 313 536 486 560 749 495 692 558 222 484 441 414 68 658 287 327 300 411 497 231 346 555 139 481 347 471 246 141 635 105 462 181 292 340 553 228 383 360 346 340 167 383 472 592 109 676 622 192 374 412 530 377 380 551 282 258 316 592 529 354 191 340 567 206 449 578 171 150 554 618 191 260 178 56 448 683 283 238 503 494 355 595 523 360 403 421 374 206 173 633 392 482 510 598 592 476 279 380 484 536 372 295 408 296 380 280 247 405 208 40 307 421 294 651 642 271 618 373 719 445 591 646 295 525 546 489 635 409 447 353 310
302 508 299 184 487 528 252 543 273 451 265 402 187 124 459 475 299 563 370 392 572 357 433 127 0 328 399 432 526 467 567 440 854 173 187 297 126 168 320 424 328 708 545 710 434 144 533 405 434 729 559 159 778 212 523 585 537 447 476 697 410 618 748 390 262 683 689 286 267 236 373 197 679 350 390 481 499 373 450 356 487 327 448 480 219 659 180 314 286 698 317 726 434 333 591 209 796 193 639 800 617 231 205 268 380 269 408 444 262 498 622 348 238 288 373 451 399 295 199 619 601 404 253 746 66 158 462 375 366 410 143 374 593 483 716 783 525 430 286 311 234 411 456 390 119 776 839 563 258 584 520 653 316 148 501 234 503 293 299 329 536 374 433 759 415 717 643 335 580 550 363 149 707 341 377 272 428 442 325 416 661 265 513 453 360 142 246 617 218 589 143 277 468 581 327 383 451 253 272 42 352 344 487 237 643 633 320 406 450 420 479 289 554 192 324 438 489 528 469 203 464 658 270 575 630 299 114 519 693 276 332 114 83 487 674 359 180 447 526 477 475 395 484 480 301 344 232 297 636 510 605 591 636 625 359 327 426 524 492 268 181 444 280 256 152 329 291 241 167 357 543 334 602 604 399 645 414 699 573 583 681 337 431 500 361 755 347 518 231 185
560 834 284 322 523 852 355 864 413 167 251 599 453 439 787 194 607 249 41 259 599 465 683 282 328 0 120 242 586 586 597 123 827 465 242 625 309 296 623 134 103 888 822 899 276 445 762 102 759 1030 441 290 728 357 822 876 805 700 796 640 727 672 767 130 388 657 673 117 419 501 439 209 959 667 664 671 809 46 316 662 750 366 684 174 544 931 486 621 308 813 480 783 760 535 908 398 1075 511 944 768 731 407 265 406 76 592 597 732 294 178 733 625 564 384 701 778 91 612 235 804 532 609 528 734 307 460 534 700 106 714 191 330 854 747 995 773 803 725 598 569 439 692 727 152 418 1060 1121 859 307 755 700 603 493 333 771 102 824 573 204 596 819 687 696 1029 744 968 780 430 690 621 684 349 919 20 599 172 143 766 134 105 734 324 756 228 676 318 387 918 212 474 208 143 412 829 462 148 179 335 273 337 212 588 804 287 955 903 316 651 687 733 232 351 834 520 524 299 809 812 280 474 465 779 80 524 838 316 223 832 852 121 520 246 321 165 966 83 500 771 212 492 768 622 477 647 603 205 489 257 916 544 587 741 868 864 663 553 651 201 811 591 367 683 146 550 430 501 438 87 270 579 553 17 923 919 359 893 91 1001 505 873 917 572 757 819 606 749 672 696 433 416
576 905 404 431 460 901 344 907 526 53 370 587 483 520 845 80 693 275 113 174 527 435 689 317 399 120 0 136 526 546 526 175 731 554 258 694 408 403 658 25 72 856 835 870 177 531 754 181 832 1054 337 396 629 468 848 896 814 705 841 543 808 604 685 23 377 567 585 237 411 598 397 228 970 749 682 651 843 119 219 698 853 327 791 226 599 939 530 658 278 759 594 711 832 645 947 505 1083 591 971 673 680 410 378 396 46 643 582 827 274 114 681 645 637 362 769 848 43 659 348 777 436 599 624 644 394 504 483 774 33 803 255 266 857 849 1006 683 816 752 682 670 545 712 740 48 465 1072 1130 882 424 724 675 508 484 436 872 168 868 598 166 613 835 771 798 1033 807 963 736 399 640 562 731 374 898 99 597 292 224 814 90 48 670 304 755 112 758 421 382 943 219 369 305 263 330 827 441 254 60 451 392 417 329 693 885 277 990 910 272 655 685 817 112 469 848 587 520 204 888 829 169 502 396 728 131 433 818 282 310 868 812 126 511 341 367 192 984 42 553 820 242 425 862 730 404 620 692 323 510 219 928 479 502 703 857 857 751 556 646 216 853 667 473 682 266 641 522 489 552 182 290 578 479 132 967 956 291 890 142 1025 410 893 906 577 829 862 710 661 725 671 540 517
533 917 514 513 342 885 290 884 615 131 476 513 461 556 842 127 731 401 247 64 401 350 629 320 432 242 136 0 409 447 401 311 594 602 252 708 478 484 633 143 146 756 780 772 43 575 678 317 848 1007 201 475 492 551 807 847 754 644 821 406 836 480 551 117 319 432 450 352 354 657 303 235 910 778 636 567 811 254 84 672 913 244 862 362 600 876 522 636 214 643 680 583 846 724 918 582 1019 624 929 536 567 365 470 338 180 638 505 876 222 216 568 604 659 294 781 862 180 647 440 682 299 527 679 509 447 498 374 794 136 842 302 162 791 909 944 547 763 713 717 732 620 668 688 92 464 1011 1066 837 524 627 586 372 418 508 930 242 847 565 134 570 783 804 858 965 811 887 627 318 529 445 717 358 808 224 534 403 360 800 125 182 547 248 686 44 789 493 331 898 216 233 379 376 201 755 366 386 111 547 498 461 454 759 912 238 955 847 193 596 619 848 79 571 793 602 458 71 912 778 40 478 275 615 212 298 730 211 373 838 706 173 445 408 376 324 931 159 554 806 372 306 907 803 280 530 733 447 477 161 869 358 369 600 777 781 791 500 578 342 830 691 548 617 380 688 575 420 641 273 282 517 353 257 944 925 179 816 279 979 274 843 826 522 844 840 777 525 719 580 615 584
363 822 772 697 67 709 280 689 796 538 730 244 394 611 713 536 743 801 611 354 65 169 369 414 526 586 526 409 0 104 58 693 344 673 391 656 641 674 484 542 488 361 502 381 367 644 356 685 777 727 292 663 296 731 569 579 468 378 645 245 802 92 223 503 264 198 192 656 261 744 159 413 604 758 419 241 600 619 330 509 964 227 950 747 541 565 465 494 287 234 844 204 769 856 701 735 692 649 671 299 159 299 691 258 558 548 228 897 308 624 159 413 644 241 707 778 566 533 669 304 220 259 751 237 584 457 64 741 508 840 496 260 479 960 631 268 493 500 726 814 760 448 435 479 456 695 738 583 753 248 234 212 240 669 970 517 664 411 381 384 515 789 917 633 707 539 223 192 123 36 581 377 431 577 293 686 728 645 456 575 148 286 384 453 771 659 280 638 397 291 588 670 213 434 204 729 519 760 747 568 763 850 862 326 716 538 271 347 340 822 484 794 517 584 264 340 854 515 402 395 133 206 514 188 363 276 561 627 304 467 244 591 443 718 643 527 509 650 768 103 914 906 132 193 758 754 368 330 572 53 144 209 429 441 797 302 304 742 643 675 706 342 674 736 667 229 816 558 386 291 84 603 741 700 235 481 657 705 214 575 471 316 770 652 865 240 604 229 757 710
264 721 736 647 135 604 243 584 740 567 696 140 313 537 610 571 657 818 617 385 170 123 264 370 467 586 546 447 104 0 163 702 440 599 364 562 589 626 383 566 497 310 401 325 408 571 260 688 678 628 370 616 400 678 465 477 368 274 540 350 707 170 309 524 217 302 295 639 202 671 149 392 509 666 314 142 495 624 378 406 879 221 871 756 450 470 379 394 278 236 782 265 670 788 596 676 603 568 569 399 152 236 649 205 571 452 124 809 292 653 156 310 556 208 610 678 582 435 631 235 315 155 675 335 530 375 81 645 523 749 465 285 383 875 538 363 390 395 640 737 697 343 331 501 381 603 649 479 710 180 146 316 157 615 883 503 560 313 387 283 413 697 834 545 607 456 194 158 113 103 479 320 363 580 189 662 730 541 466 594 197 264 284 492 679 607 229 536 380 376 551 649 273 340 142 721 551 713 710 509 742 774 765 305 612 442 275 242 236 728 525 748 415 498 171 384 756 412 448 311 192 198 509 281 287 270 521 522 266 465 152 547 387 732 545 539 422 546 783 168 823 831 201 95 673 733 281 332 474 140 247 156 344 353 709 203 199 760 538 586 649 238 653 655 598 144 758 543 351 189 182 602 636 596 268 392 666 605 304 473 390 215 672 547 789 336 504 140 694 646
420 879 799 733 81 768 316 747 833 532 758 303 445 657 771 528 795 800 619 351 7 215 427 449 567 597 526 401 58 163 0 698 292 719 419 710 678 708 542 540 496 397 559 418 358 689 410 693 833 783 259 697 238 768 627 636 525 436 703 187 857 79 182 503 304 139 135 675 307 790 193 438 658 812 478 297 659 626 318 567 1015 253 997 751 595 618 517 551 310 250 883 185 826 899 759 774 743 699 728 244 189 344 721 302 561 603 287 949 333 618 186 471 696 278 764 835 568 589 698 348 173 318 798 184 622 508 112 796 511 893 524 266 534 1011 684 218 550 559 778 861 801 506 494 478 504 747 788 640 784 294 288 155 294 706 1021 535 723 468 393 442 573 842 967 683 765 588 255 232 160 73 639 419 474 585 351 709 737 703 464 575 146 315 440 443 825 696 322 695 420 253 618 690 200 488 253 743 513 793 775 609 783 897 918 354 773 592 289 405 398 876 473 826 574 636 320 330 910 573 388 448 132 230 529 144 410 298 592 686 336 480 300 624 483 719 698 531 561 709 768 104 967 952 121 249 809 774 422 345 627 57 88 251 478 492 850 359 362 741 701 727 744 400 694 784 711 283 854 577 418 350 49 614 799 758 238 532 662 761 173 632 519 374 827 711 912 190 662 283 798 752
683 938 314 394 627 968 477 981 467 193 294 721 575 542 899 213 701 126 86 348 699 583 807 405 440 123 175 311 693 702 698 0 905 558 365 733 396 372 743 170 205 1007 945 1019 352 542 885 39 862 1152 511 369 803 423 944 999 928 823 914 717 824 775 859 196 509 743 761 172 541 583 553 332 1082 765 787 792 929 79 395 782 822 480 748 54 659 1055 605 741 424 924 533 883 864 595 1026 470 1198 612 1065 848 843 530 330 528 136 707 718 814 413 144 844 747 669 503 808 882 131 730 306 924 611 731 612 820 408 579 645 802 186 804 310 433 977 819 1119 858 926 847 694 645 509 815 851 222 537 1183 1244 981 354 874 820 684 615 415 845 225 941 695 315 719 942 782 769 1152 854 1091 895 547 802 729 801 472 1040 123 722 219 59 881 237 129 839 443 880 281 772 402 510 1039 334 542 305 194 504 952 582 117 212 387 313 441 210 660 900 407 1075 1026 427 774 810 828 270 392 957 630 647 379 906 935 342 596 566 891 203 609 959 431 328 951 968 239 642 344 441 48 1088 166 617 887 89 595 852 685 576 766 694 207 612 369 1039 648 677 858 991 987 754 677 774 84 929 694 443 806 194 640 521 623 492 202 394 702 652 111 1040 1038 460 1017 35 1122 586 996 1039 695 860 937 676 836 787 816 503 497
705 1160 1064 1012 368 1032 602 1006 1115 717 1022 577 737 949 1048 703 1088 986 838 567 286 508 687 732 854 827 731 594 344 440 292 905 0 1011 692 1000 959 986 823 736 723 536 796 561 554 981 639 911 1118 999 395 975 104 1048 877 870 761 693 971 188 1146 271 140 710 594 174 165 922 599 1081 481 705 866 1103 747 546 917 846 512 845 1307 530 1290 955 886 826 809 834 581 358 1168 221 1111 1187 1009 1059 926 991 961 58 368 637 993 593 774 891 560 1242 605 794 361 748 989 565 1050 1118 774 875 968 534 295 590 1090 108 906 801 404 1085 726 1185 794 512 752 1303 884 76 791 824 1071 1153 1088 772 749 685 796 939 965 881 1055 496 522 223 585 988 1314 787 987 753 638 722 813 1133 1259 866 1047 767 416 523 372 336 918 708 632 811 627 964 954 976 693 776 277 593 677 625 1116 977 613 929 685 366 889 942 419 705 546 975 697 1068 1041 896 1030 1189 1205 629 1013 805 553 672 654 1166 643 1099 809 928 608 528 1196 816 564 740 393 374 772 303 597 568 867 942 470 723 588 901 771 914 915 749 853 981 960 377 1259 1243 374 504 1101 1022 713 600 844 346 251 448 672 693 1142 643 625 928 965 1019 1028 657 946 1077 1001 573 1137 827 697 629 311 843 1053 1005 482 731 873 983 322 866 699 655 1112 974 1204 104 945 518 1084 1040
376 386 318 184 642 463 413 490 201 608 304 504 287 62 374 633 142 671 503 565 725 504 491 299 173 465 554 602 673 599 719 558 1011 0 360 203 162 195 332 578 487 793 564 791 606 29 599 520 310 703 731 194 940 178 514 582 567 503 427 862 265 761 896 549 416 843 847 388 412 71 529 369 685 207 430 579 474 505 623 356 314 492 279 588 204 674 233 322 456 817 209 865 313 192 544 137 797 71 614 959 740 374 244 417 528 246 515 274 433 643 746 393 136 447 267 332 547 281 260 707 769 501 81 902 160 228 609 251 523 249 303 546 627 310 720 937 545 438 135 142 128 439 491 553 218 771 836 555 262 683 619 818 442 149 328 386 452 346 471 389 549 223 260 772 322 752 754 488 707 692 327 304 772 481 466 351 532 387 489 564 796 432 569 620 213 160 398 599 390 761 257 369 638 628 468 474 611 237 298 141 412 177 341 408 601 653 491 473 518 269 644 265 569 142 436 611 348 540 640 294 627 777 423 742 703 468 244 487 792 439 450 218 248 606 666 513 199 390 638 637 308 233 648 589 138 406 326 471 645 665 766 700 691 674 197 422 507 643 448 149 140 512 370 86 37 455 204 379 340 450 700 466 541 560 570 685 540 673 741 581 730 424 309 453 193 909 296 618 129 90
