213
0 757 654 334 564 382 415 461 241 207 413 477 712 752 798 700 624 858 246 244 372 111 680 156 667 315 303 447 359 954 726 606 915 605 237 223 263 451 726 470 981 772 743 582 399 722 670 430 794 333 59 717 230 106 135 879 773 423 543 798 303 680 693 653 679 744 439 796 703 553 283 459 355 840 31 535 754 78 174 772 163 820 317 730 630 711 467 275 777 568 174 1110 1021 453 419 558 368 646 712 388 619 930 693 224 389 854 36 713 965 806 70 469 193 410 258 784 212 785 331 369 150 843 795 617 689 742 745 747 458 254 832 289 652 342 192 505 488 862 742 520 756 253 598 743 566 373 436 627 298 606 599 830 677 170 502 471 184 834 1013 919 929 754 135 785 245 595 915 486 77 708 376 353 698 738 589 497 518 868 161 592 135 440 953 338 759 242 417 802 703 567 356 751 880 195 972 830 711 757 289 911 491 623 737 687 552 639 687 395 698 379 629 705 264
757 0 594 698 427 487 789 344 775 960 419 321 448 620 410 98 619 689 957 512 398 840 234 909 168 775 770 315 555 224 721 185 261 537 948 913 505 327 709 299 224 91 794 564 359 507 666 327 62 460 710 111 969 788 812 170 107 532 594 223 615 277 765 104 332 426 439 130 82 215 475 457 563 635 764 578 41 774 583 383 799 355 739 254 384 101 289 585 432 331 930 371 265 763 412 667 658 363 370 520 268 178 257 609 493 184 772 442 262 75 746 597 628 618 690 256 577 246 569 674 788 142 187 379 482 469 228 285 359 748 663 598 194 419 747 398 659 240 290 279 591 525 159 130 222 735 562 270 594 236 286 107 526 764 482 788 717 567 293 176 198 113 778 132 531 260 278 579 679 291 596 407 324 146 421 272 375 205 913 486 888 545 210 430 623 672 370 580 248 353 441 291 274 946 216 78 427 35 804 173 542 431 100 588 296 536 620 658 63 377 570 819 636
654 594 0 351 184 715 357 359 481 831 670 371 173 98 275 496 989 1159 898 518 427 765 361 786 667 892 428 541 761 639 130 433 530 921 889 877 586 586 119 562 747 676 200 73 472 128 72 503 656 624 596 483 870 598 599 763 514 792 922 794 769 320 173 548 267 921 719 513 512 450 491 755 300 1114 635 906 626 607 565 274 563 341 392 360 822 644 491 381 238 278 765 760 753 305 324 139 301 231 862 753 328 739 763 432 291 525 639 180 608 669 699 876 462 249 797 394 640 403 324 308 562 554 763 810 127 951 771 817 341 834 1129 364 401 543 498 250 194 483 334 380 109 450 506 693 607 344 826 325 747 674 315 573 78 528 810 314 487 1065 660 642 780 686 767 501 609 345 514 167 609 800 278 462 819 703 823 432 728 798 737 875 721 216 780 567 1067 420 605 1059 763 750 381 340 473 824 719 616 192 623 890 629 850 854 664 1004 327 57 37 870 585 501 958 228 757
334 698 351 0 337 552 110 354 129 486 539 378 462 449 566 611 839 1053 564 319 332 439 527 444 684 625 83 474 570 837 399 514 761 792 557 552 393 506 401 502 908 751 410 289 391 451 350 436 753 463 284 615 529 255 252 858 667 623 760 829 547 506 361 609 480 868 586 680 621 487 320 619 134 1020 308 748 714 271 321 549 213 611 46 561 751 698 453 140 536 396 416 985 933 126 285 233 53 437 818 580 465 874 753 161 204 722 309 466 828 767 394 696 176 110 542 613 410 618 130 43 215 730 811 737 426 882 787 812 339 562 1024 116 528 407 152 318 163 705 556 419 460 246 550 743 590 51 650 469 531 653 442 732 397 181 675 150 150 992 881 818 895 745 464 667 402 456 752 194 315 781 107 348 786 746 729 435 634 870 388 760 374 180 909 423 953 97 499 971 758 675 273 566 711 481 888 753 470 714 609 807 692 765 724 881 411 356 379 655 658 399 826 371 520
564 427 184 337 0 547 397 181 454 761 497 190 148 250 238 329 812 976 809 378 263 674 209 712 485 755 421 362 600 516 313 254 427 742 800 779 435 407 303 381 607 504 379 138 300 172 250 326 489 460 505 322 792 535 547 598 363 624 749 616 618 178 344 370 143 737 545 369 344 267 343 580 225 931 553 733 456 536 438 215 517 274 384 231 639 467 309 294 214 98 704 656 622 359 165 240 285 99 678 587 159 587 580 343 175 399 558 149 499 503 594 708 373 232 657 280 500 286 245 300 511 416 587 627 134 767 590 634 165 701 947 289 234 378 451 74 243 373 220 196 236 324 324 516 423 357 659 159 595 490 141 427 146 478 634 380 430 881 553 507 622 510 656 357 461 169 417 165 504 616 232 300 635 525 641 249 548 627 679 695 659 157 626 403 885 364 430 875 580 568 232 229 376 752 582 462 147 454 760 494 677 671 489 824 144 131 218 713 410 331 780 395 612
382 487 715 552 547 0 663 368 541 546 68 365 677 796 719 475 288 502 507 233 288 419 533 502 344 289 579 208 68 710 831 417 718 241 500 459 159 173 825 206 694 465 879 647 248 716 765 231 501 93 366 501 536 465 497 557 550 77 212 448 131 557 833 393 588 362 61 577 469 357 240 77 467 475 406 198 467 440 247 687 507 706 568 587 249 407 263 416 716 486 543 858 743 673 390 690 549 578 333 40 495 631 335 392 437 642 413 674 742 508 336 160 385 553 212 631 172 626 451 561 493 614 455 237 678 361 392 381 383 269 474 441 481 171 492 473 636 676 616 382 784 308 362 422 264 603 111 504 114 270 486 587 694 490 126 699 463 458 778 663 613 438 336 570 156 463 727 584 318 340 511 252 324 412 206 329 146 531 538 216 513 525 643 147 402 467 132 430 347 194 337 623 704 530 695 565 665 472 321 660 141 240 428 329 443 672 753 180 423 216 273 867 160
415 789 357 110 397 663 0 450 177 535 650 473 499 446 607 698 949 1164 627 430 438 511 600 500 787 719 112 581 679 911 367 603 825 903 620 622 503 615 373 610 991 848 357 311 498 475 333 543 846 574 373 699 584 321 307 953 748 732 870 931 653 574 312 705 540 977 697 758 709 582 431 730 231 1131 386 857 807 343 427 594 268 660 101 628 861 796 557 250 573 471 462 1054 1012 54 381 220 133 495 927 690 542 962 859 270 298 794 385 504 897 860 481 804 282 171 642 677 517 683 234 116 275 807 911 847 457 993 891 919 433 657 1135 227 609 518 222 396 167 771 618 511 464 357 647 843 695 60 759 544 637 759 519 813 420 247 786 60 234 1103 950 897 987 844 550 745 511 537 814 234 410 888 193 457 894 846 839 534 745 968 433 871 425 247 998 534 1063 199 609 1082 864 785 378 626 773 533 969 839 511 807 700 885 802 875 822 992 495 379 376 760 753 508 936 307 624
461 344 359 354 181 368 450 0 433 668 316 23 310 431 365 262 631 801 693 233 98 562 219 616 343 596 426 182 424 506 484 163 455 562 684 657 273 227 476 204 560 397 543 299 120 347 418 145 398 284 405 271 689 465 486 503 327 444 568 485 449 223 502 255 235 572 364 345 270 132 192 399 220 758 459 552 359 457 304 335 467 370 395 270 467 346 133 243 355 123 623 660 590 431 69 373 317 215 515 408 160 522 427 274 152 398 466 308 510 412 473 528 297 284 498 324 345 324 225 334 457 395 463 454 310 598 449 485 19 547 771 254 194 203 410 109 343 401 286 66 417 208 197 393 262 394 479 168 426 330 141 389 328 430 453 457 381 712 560 478 541 394 525 333 301 134 454 268 389 461 256 131 474 398 464 86 369 518 602 516 579 220 555 228 708 330 249 703 429 393 106 295 419 656 543 404 299 359 607 468 496 496 372 645 93 310 395 538 303 153 600 547 448
241 775 481 129 454 541 177 433 0 363 545 456 586 578 688 695 818 1043 450 322 383 333 628 325 736 552 65 513 544 934 522 596 867 782 443 444 386 537 526 541 993 817 526 418 436 578 477 480 826 462 206 704 409 143 130 926 758 603 737 879 506 613 478 679 593 885 586 774 704 559 339 615 232 1017 210 726 785 166 294 669 91 728 91 668 766 760 505 190 659 499 291 1086 1023 222 368 359 180 551 841 562 565 953 791 172 298 821 209 590 931 839 309 667 164 236 483 722 378 725 217 172 97 824 865 753 552 893 832 850 421 491 1015 179 621 426 52 422 290 811 667 500 590 267 619 802 636 148 625 571 494 693 542 822 526 70 668 237 78 997 983 910 968 807 377 762 385 551 861 321 250 815 223 388 815 802 736 504 648 931 263 757 251 299 985 436 943 102 519 972 798 693 334 677 820 359 976 837 592 787 529 900 674 772 787 870 505 484 508 610 728 434 812 480 473
207 960 831 486 761 546 535 668 363 0 591 685 907 930 998 907 736 970 113 450 579 126 887 51 860 363 427 647 504 1160 884 814 1123 736 111 142 458 646 887 668 1184 970 889 762 605 912 836 633 995 519 263 924 54 233 234 1075 981 566 660 985 435 886 841 856 883 901 607 1003 909 760 490 619 543 962 210 657 955 226 378 974 273 1024 454 936 793 909 672 467 976 773 74 1317 1225 584 624 719 531 848 878 539 826 1131 875 418 587 1062 204 909 1173 1006 217 587 388 581 362 991 393 992 520 527 270 1051 985 782 881 891 930 925 665 324 947 476 860 542 334 707 649 1069 947 727 937 460 803 938 761 511 568 834 440 795 805 1037 864 304 652 596 343 969 1220 1125 1127 950 211 992 435 802 1123 664 282 885 555 560 870 932 746 704 690 1060 102 736 111 626 1152 534 877 411 608 932 886 739 563 957 1087 15 1176 1035 908 959 319 1117 624 777 935 809 759 824 861 496 901 583 753 842 395
413 419 670 539 497 68 650 316 545 591 0 310 621 747 658 407 319 515 562 224 246 464 469 544 281 355 576 144 136 642 790 351 650 258 553 514 160 106 783 140 629 401 842 604 198 662 724 173 435 83 388 433 586 486 517 496 481 132 252 395 195 494 797 325 527 340 49 509 400 292 219 85 441 481 433 236 400 462 258 625 522 642 561 522 222 342 201 400 656 429 581 791 677 656 347 656 529 520 302 106 433 567 284 385 403 574 441 618 673 443 375 214 383 527 274 565 201 560 428 543 507 545 398 209 625 348 339 335 332 332 486 424 415 136 498 423 607 608 551 323 733 293 294 360 197 590 167 442 177 209 426 519 644 500 142 682 468 453 710 596 552 375 386 502 170 401 659 549 342 295 486 213 285 351 191 267 106 474 572 221 547 491 581 116 416 462 69 432 295 154 301 559 636 575 628 497 607 406 386 592 180 227 364 346 384 625 707 247 356 169 294 835 221
477 321 371 378 190 365 473 23 456 685 310 0 312 440 361 239 622 787 707 245 109 577 204 633 322 601 449 172 423 485 498 140 438 551 698 670 279 216 489 191 537 374 559 314 118 352 433 137 375 285 423 249 704 485 506 480 305 440 561 463 451 211 519 231 229 554 357 324 247 109 203 391 244 743 477 545 335 476 317 329 488 361 418 256 451 323 119 266 353 121 642 640 567 454 92 392 340 213 497 405 147 498 407 295 175 379 484 309 490 389 487 523 318 307 504 310 353 309 248 357 478 374 440 439 315 582 428 465 40 554 757 277 175 205 432 121 364 384 274 44 424 225 173 370 243 417 475 156 428 311 131 367 336 451 444 480 402 696 540 457 517 371 537 313 308 119 437 288 404 441 280 139 456 375 451 66 357 495 621 505 597 241 531 229 695 353 241 688 409 378 126 283 403 673 520 381 299 336 614 447 490 482 349 633 83 321 407 538 280 152 589 565 453
712 448 173 462 148 677 499 310 586 907 621 312 0 171 108 355 927 1070 957 524 402 822 215 859 551 899 545 479 734 468 284 316 358 852 948 928 578 522 270 493 581 537 359 189 429 58 241 447 509 595 653 337 940 679 688 613 357 752 870 663 758 172 341 424 118 819 667 352 372 353 488 701 366 1022 700 853 485 682 586 102 656 169 508 199 733 515 422 440 74 191 848 587 583 452 310 297 409 103 759 717 206 578 652 490 322 357 705 7 436 522 743 835 520 352 802 224 645 234 388 421 652 389 629 722 45 854 649 700 298 847 1042 432 267 513 590 217 332 311 168 300 142 473 394 562 512 470 787 200 735 574 204 412 94 618 751 467 571 966 488 474 624 551 805 341 605 234 341 270 653 689 363 438 713 574 744 356 656 654 822 803 803 288 620 538 985 504 552 965 649 668 378 172 300 898 551 458 22 481 906 461 800 771 531 929 238 126 186 849 453 463 890 397 754
752 620 98 449 250 796 446 431 578 930 747 440 171 0 247 525 1063 1222 997 609 509 864 385 885 714 985 523 612 846 630 128 477 513 992 988 975 674 657 114 631 748 707 201 170 549 112 117 577 681 707 695 508 969 696 698 784 529 873 1000 831 858 342 198 589 287 977 796 522 542 505 579 831 398 1175 734 984 656 706 659 258 661 318 488 371 884 682 559 479 211 333 863 736 746 392 407 225 399 262 917 835 367 748 813 530 383 523 738 178 591 693 797 957 560 348 889 391 732 402 422 406 661 557 799 872 139 1009 815 864 415 928 1193 463 434 625 597 323 288 472 338 441 32 544 554 730 665 438 908 362 836 730 359 582 104 626 885 398 586 1123 641 640 795 720 864 512 698 391 494 266 707 850 376 545 872 741 890 497 797 825 835 945 820 313 790 650 1133 518 680 1119 811 815 468 341 456 923 717 629 193 652 984 627 928 919 700 1073 383 124 70 957 621 580 1030 251 847
798 410 275 566 238 719 607 365 688 998 658 361 108 247 0 328 948 1071 1041 594 463 907 201 949 539 961 649 513 780 384 372 320 266 870 1032 1010 639 553 358 521 506 502 446 297 479 147 338 488 467 644 739 304 1028 773 785 563 308 790 898 633 812 166 436 411 131 813 700 294 344 370 555 732 462 1020 789 882 450 774 661 32 754 71 612 160 739 492 456 532 36 242 942 490 501 560 383 404 513 154 753 760 224 513 641 580 411 282 795 102 344 478 824 872 610 457 864 158 710 168 483 526 749 321 597 729 152 851 628 683 358 913 1043 527 259 566 689 293 440 227 123 336 214 551 397 535 520 577 825 216 789 576 233 351 197 716 778 575 668 959 394 399 565 521 883 286 667 256 247 376 735 678 465 497 705 549 757 390 676 610 917 819 897 389 556 589 992 602 589 964 636 680 451 120 209 988 475 402 96 445 973 386 831 780 503 942 278 233 282 896 429 512 908 491 814
700 98 496 611 329 475 698 262 695 907 407 239 355 525 328 0 650 748 914 456 331 791 139 855 214 756 686 280 543 253 624 99 242 569 905 872 463 304 612 271 298 182 696 466 302 413 568 279 160 431 650 28 920 721 743 268 76 532 614 308 596 182 667 93 237 488 436 102 17 147 416 461 476 696 704 598 131 709 529 298 726 281 653 167 425 164 239 506 345 234 870 410 328 670 328 570 568 266 428 513 170 264 315 534 406 167 712 348 272 173 697 605 556 527 666 184 538 176 484 585 716 145 274 417 386 527 300 355 274 722 721 516 96 375 671 304 564 202 205 195 497 457 114 208 223 646 565 172 574 263 188 130 430 691 496 694 642 633 316 219 293 196 737 94 491 163 252 483 624 352 507 346 381 221 452 203 388 302 852 517 827 452 301 391 675 593 348 640 309 378 365 207 233 893 280 142 333 127 781 210 554 470 177 631 202 438 523 654 101 327 605 720 611
624 619 989 839 812 288 949 631 818 736 319 622 927 1063 948 650 0 235 660 521 565 621 749 703 450 381 861 450 274 833 1110 628 879 81 654 612 446 406 1103 434 770 556 1162 924 516 973 1043 486 603 381 626 678 708 722 754 608 712 217 81 469 321 782 1116 557 823 256 269 739 638 578 528 234 755 227 653 92 584 694 526 916 771 920 853 798 236 518 505 704 952 737 757 958 825 961 666 975 837 823 282 259 727 703 373 678 721 800 660 923 878 604 562 155 669 841 377 831 439 823 739 849 757 761 495 239 936 220 424 377 648 411 211 729 691 453 767 740 923 849 832 627 1047 596 555 505 431 891 192 735 328 388 725 726 959 760 178 987 740 249 901 780 663 525 531 736 438 697 894 868 577 349 799 532 315 489 198 570 272 559 760 133 738 809 697 431 141 752 383 207 385 272 620 838 882 720 783 686 911 591 428 781 147 188 527 80 688 942 1026 239 564 488 51 1153 360
858 689 1159 1053 976 502 1164 801 1043 970 515 787 1070 1222 1071 748 235 0 890 734 753 856 870 938 534 611 1082 620 502 872 1285 755 946 261 885 843 661 576 1277 597 779 606 1344 1100 697 1122 1220 659 653 590 857 775 940 954 986 617 794 441 315 484 555 909 1301 660 958 262 467 818 733 718 734 434 956 55 886 322 648 926 749 1040 1001 1030 1071 912 337 590 668 914 1082 889 992 969 833 1171 848 1165 1045 967 320 481 864 716 434 894 913 871 893 1065 926 649 797 389 888 1041 613 933 666 924 943 1058 987 826 520 349 1087 221 462 405 820 645 29 939 812 651 992 909 1119 929 949 780 1202 806 677 559 558 1104 422 871 560 497 867 789 1117 988 377 1197 965 128 935 820 662 577 766 819 658 836 965 1057 807 398 1001 724 367 543 336 726 433 559 995 293 974 1000 696 632 100 970 567 108 441 408 812 953 963 955 800 740 1052 655 658 824 370 304 588 173 839 1107 1194 474 649 675 231 1342 594
246 957 898 564 809 507 627 693 450 113 562 707 957 997 1041 914 660 890 0 463 598 135 912 128 841 278 516 642 455 1167 963 826 1141 671 9 49 452 633 964 659 1178 957 974 827 613 968 910 635 985 500 305 934 62 309 319 1057 990 512 589 956 384 916 925 854 920 847 569 1014 914 769 504 575 601 887 262 588 947 293 390 1014 359 1059 539 963 747 895 675 521 1022 807 181 1323 1222 673 659 796 605 888 831 493 853 1121 843 470 635 1075 259 958 1185 995 220 519 439 651 303 1017 379 1017 577 604 353 1059 960 737 935 833 900 888 694 254 869 534 878 540 413 748 725 1089 978 747 1001 491 805 919 747 597 508 861 395 771 834 1042 923 385 599 687 415 901 1230 1128 1111 934 178 1004 425 827 1143 730 306 848 620 574 829 911 697 716 654 1036 206 678 205 686 1139 527 802 480 591 863 854 701 594 988 1110 106 1173 1034 956 952 232 1121 563 725 920 736 787 885 931 424 895 587 683 930 348
244 512 518 319 378 233 430 233 322 450 224 245 524 609 594 456 521 734 463 0 135 335 449 399 433 377 351 208 257 710 623 364 678 473 454 425 75 221 618 233 737 532 663 446 154 550 558 186 551 144 198 474 464 284 313 640 530 305 443 572 252 456 615 408 466 562 268 553 458 309 41 300 241 703 252 430 511 266 73 565 310 603 337 501 444 471 223 183 580 352 417 866 776 440 214 470 316 440 519 262 392 686 475 161 228 613 260 524 724 563 243 382 158 325 280 555 122 554 222 328 296 600 563 430 513 572 521 533 236 323 705 208 415 108 277 307 410 626 519 284 604 76 354 506 331 370 334 400 231 380 374 586 516 283 356 466 246 678 771 674 688 516 292 543 92 364 680 369 168 496 283 110 494 503 416 255 326 634 401 442 376 310 711 114 634 237 198 655 484 371 146 528 646 437 727 585 518 514 382 666 374 452 498 562 326 486 556 356 455 135 506 644 238
372 398 427 332 263 288 438 98 383 579 246 109 402 509 463 331 565 753 598 135 0 469 313 528 354 498 391 143 337 583 545 235 544 502 589 561 176 181 538 171 622 434 596 359 59 435 478 104 445 198 319 346 597 390 414 542 402 365 496 499 355 320 551 298 333 544 296 424 335 185 94 331 211 714 374 481 404 378 208 433 400 469 365 365 430 376 122 199 452 221 540 739 657 432 102 412 307 311 491 326 256 576 421 213 160 482 381 401 593 458 378 449 230 292 400 419 246 418 204 323 389 472 483 417 397 563 455 480 105 449 724 218 280 116 351 189 366 491 383 149 498 127 239 418 257 379 399 265 332 320 239 461 408 366 388 458 320 676 641 550 586 423 428 413 203 229 545 304 297 450 254 36 456 419 417 128 320 547 520 461 496 247 605 141 656 282 186 661 426 354 61 392 511 567 608 467 393 406 509 542 424 452 403 589 191 385 464 449 347 78 539 590 352
111 840 765 439 674 419 511 562 333 126 464 577 822 864 907 791 621 856 135 335 469 0 781 84 735 265 399 525 379 1044 834 700 1013 616 126 113 335 522 835 544 1063 847 849 694 488 833 780 514 872 393 170 809 129 190 208 950 865 442 543 858 312 783 800 736 786 776 480 889 792 644 376 493 467 845 131 539 833 168 262 880 245 926 417 832 667 785 553 387 887 673 136 1200 1105 553 525 667 476 754 752 414 722 1008 748 335 500 949 129 823 1060 883 93 469 305 520 243 886 268 886 443 476 236 935 859 656 800 768 803 798 561 215 832 401 750 421 290 613 596 961 846 618 868 357 684 813 637 475 447 730 315 669 702 920 788 264 527 570 288 849 1106 1007 1003 826 90 879 311 696 1014 597 173 758 487 446 744 806 621 590 564 934 143 613 127 552 1029 411 761 350 483 813 759 612 461 855 980 111 1056 915 821 837 227 1000 503 652 810 691 655 751 798 382 779 464 635 809 271
680 234 361 527 209 533 600 219 628 887 469 204 215 385 201 139 749 870 912 449 313 781 0 836 341 794 607 325 598 311 487 121 239 670 903 874 478 362 475 329 397 321 560 339 310 273 433 307 296 468 624 123 908 680 698 402 155 601 702 447 638 42 534 213 97 614 508 160 156 176 408 538 397 820 678 685 270 673 521 169 675 173 572 54 538 300 270 445 212 130 841 458 413 566 267 447 478 129 553 573 63 380 443 484 330 195 684 209 302 309 691 680 510 430 698 105 552 105 411 494 666 207 414 528 247 651 435 488 222 751 842 450 58 395 614 208 452 184 83 166 357 426 195 346 319 554 635 57 615 374 86 218 292 637 582 587 587 760 355 298 419 335 741 147 507 84 236 372 608 480 419 341 506 359 556 209 478 440 819 619 796 353 421 417 791 529 401 763 439 480 324 90 199 875 372 256 194 266 811 286 636 579 316 741 128 304 386 713 238 342 707 588 645
156 909 786 444 712 502 500 616 325 51 544 633 859 885 949 855 703 938 128 399 528 84 836 0 811 340 390 597 463 1109 843 762 1071 700 123 138 408 597 846 618 1134 921 851 716 553 865 793 582 944 471 211 872 84 189 194 1025 929 526 626 938 396 835 802 805 832 860 563 952 858 708 438 576 495 928 159 622 905 178 326 923 234 973 415 885 750 859 621 419 926 722 60 1265 1174 547 573 677 488 798 835 498 775 1080 829 368 537 1010 153 860 1121 956 169 552 338 537 326 940 345 941 472 485 230 999 937 739 833 852 883 879 614 295 915 428 808 492 292 657 606 1018 896 676 892 409 752 889 712 473 531 782 399 747 754 985 817 263 611 561 299 933 1169 1073 1077 901 173 941 386 751 1071 619 231 839 509 509 826 883 705 653 645 1011 79 697 77 579 1102 484 844 366 559 897 839 694 512 906 1035 39 1125 984 859 908 298 1066 587 736 885 774 708 777 817 464 850 532 718 805 356
667 168 667 684 485 344 787 343 736 860 281 322 551 714 539 214 450 534 841 433 354 735 341 811 0 632 745 226 410 387 798 236 429 369 832 794 404 215 787 200 351 121 865 622 299 606 736 256 161 342 629 241 861 718 746 215 265 378 427 144 475 382 829 128 434 274 289 291 199 220 404 301 555 481 681 412 135 699 495 509 740 496 719 379 216 69 232 553 553 388 841 524 402 773 409 711 654 451 214 373 346 287 101 564 491 351 689 545 429 167 643 435 575 627 555 399 467 390 554 670 727 310 130 211 575 313 106 150 362 613 507 572 285 327 699 433 686 402 416 295 689 469 161 78 102 729 404 351 458 74 355 276 612 710 318 799 667 419 456 336 270 94 663 290 425 323 445 610 591 139 596 347 166 71 252 256 215 201 828 317 802 563 299 329 461 636 252 425 97 187 411 420 436 845 354 238 531 142 666 335 379 263 85 422 341 611 699 504 117 303 402 878 502
315 775 892 625 755 289 719 596 552 363 355 601 899 985 961 756 381 611 278 377 498 265 794 340 632 0 612 478 222 997 987 686 998 399 274 231 322 452 985 484 983 753 1018 819 485 927 925 488 790 327 347 781 329 421 448 842 832 263 313 725 161 810 969 679 830 585 343 859 752 626 411 337 598 609 347 315 756 393 327 931 478 961 619 848 496 696 526 523 951 719 399 1147 1032 750 589 826 646 810 577 259 746 920 610 477 601 924 350 898 1026 797 245 248 453 674 97 897 255 894 576 652 466 898 736 488 889 565 669 647 604 62 590 545 748 398 501 682 759 952 872 631 980 441 642 709 553 671 248 755 182 558 732 873 893 483 345 772 485 626 1065 951 899 726 185 851 295 715 1005 734 309 607 633 464 584 698 443 585 423 812 409 413 392 678 930 376 523 527 409 586 623 465 523 881 978 349 984 853 891 761 46 947 299 466 717 459 684 862 929 152 711 452 407 990 148
303 770 428 83 421 579 112 426 65 427 576 449 545 523 649 686 861 1082 516 351 391 399 607 390 745 612 0 528 588 917 461 588 843 821 509 509 421 556 465 556 984 819 461 369 447 532 418 492 824 495 264 692 474 208 196 927 745 645 780 890 555 588 414 678 563 912 619 759 696 557 361 650 211 1053 274 769 784 231 335 632 156 694 37 643 794 764 513 192 619 477 355 1066 1010 157 358 301 136 520 865 602 545 948 808 191 280 802 273 549 909 838 370 712 194 192 538 696 423 700 201 124 163 809 874 780 508 923 845 867 412 549 1054 174 606 450 111 399 234 787 639 492 537 287 619 808 648 86 669 550 541 708 522 809 478 134 705 171 127 1030 963 897 967 812 439 746 424 534 835 275 305 834 190 401 836 809 767 503 676 936 326 793 316 263 981 463 982 114 543 1006 814 719 336 648 794 424 965 829 553 785 590 886 715 803 791 909 489 436 453 661 728 450 852 415 524
447 315 541 474 362 208 581 182 513 647 144 172 479 612 513 280 450 620 642 208 143 525 325 597 226 478 528 0 273 528 666 210 519 379 633 598 190 44 658 28 538 325 724 480 83 522 600 40 347 151 406 303 654 492 520 432 356 277 391 367 318 349 681 212 382 401 188 382 277 150 178 221 354 578 458 374 308 474 273 480 514 498 505 379 290 263 56 337 511 287 621 682 581 575 229 546 451 376 347 248 288 483 280 341 300 446 466 475 552 359 431 359 351 435 386 424 262 419 347 466 501 424 356 276 485 422 319 339 200 442 590 358 274 105 474 291 506 474 407 179 596 245 166 298 124 521 312 297 296 180 281 402 508 484 273 602 442 536 593 486 482 308 463 374 216 256 526 439 370 307 398 126 313 295 283 123 187 426 607 333 581 384 506 114 526 416 76 524 286 214 204 415 501 633 531 392 464 311 501 480 321 315 290 462 240 493 578 388 254 78 417 723 331
359 555 761 570 600 68 679 424 544 504 136 423 734 846 780 543 274 502 455 257 337 379 598 463 410 222 588 273 0 778 873 483 786 246 448 406 182 240 868 273 760 531 918 691 304 770 807 293 567 139 354 569 489 452 484 621 618 64 192 507 71 620 870 461 649 397 121 645 537 423 274 120 498 481 386 182 534 424 252 748 499 770 581 652 291 473 327 439 775 544 509 926 810 694 438 726 573 636 376 38 557 697 392 409 477 710 393 731 810 575 304 125 397 583 153 697 165 692 480 584 484 682 516 281 732 388 451 434 437 208 475 464 547 221 492 525 668 743 680 443 835 334 430 487 332 621 81 566 63 335 547 655 745 486 148 720 466 475 846 731 677 504 292 638 168 526 795 622 305 394 541 300 374 476 243 391 203 592 507 235 484 563 708 196 402 480 198 443 405 248 380 687 771 488 762 633 722 540 257 728 132 273 494 329 502 721 799 115 491 271 271 902 108
954 224 639 837 516 710 911 506 934 1160 642 485 468 630 384 253 833 872 1167 710 583 1044 311 1109 387 997 917 528 778 0 751 348 122 752 1158 1125 715 546 737 516 132 276 826 635 556 522 709 532 229 678 903 237 1174 970 992 259 180 757 814 387 836 338 810 319 380 616 663 160 253 400 670 681 706 817 957 799 251 960 783 372 973 313 882 286 596 317 492 747 418 441 1123 156 116 876 566 747 790 424 566 744 371 169 461 780 637 117 965 461 59 229 951 820 803 741 911 245 789 236 718 806 963 110 352 593 512 661 416 472 515 968 849 754 313 627 915 519 759 157 306 440 597 708 362 328 446 865 786 368 816 458 395 125 561 936 704 896 886 745 69 52 230 307 989 172 742 383 145 681 878 490 730 600 524 344 638 456 598 319 1104 701 1079 665 206 641 820 833 590 765 449 574 612 299 176 1147 99 148 447 245 1025 51 765 644 305 794 428 586 655 882 287 580 783 866 856
726 721 130 399 313 831 367 484 522 884 790 498 284 128 372 624 1110 1285 963 623 545 834 487 843 798 987 461 666 873 751 0 563 637 1044 955 947 694 710 14 688 866 805 75 186 594 228 66 628 783 738 671 610 928 654 650 890 638 909 1041 924 875 446 73 678 391 1051 840 635 641 580 599 876 388 1242 703 1026 755 669 661 380 611 442 431 481 950 775 617 465 336 409 814 862 867 312 443 167 358 358 992 868 458 861 894 514 396 641 705 292 715 797 778 991 541 317 895 509 742 519 411 359 614 673 893 938 243 1080 902 947 466 927 1256 445 530 659 551 377 238 593 452 510 160 550 636 823 737 374 942 454 854 804 445 695 196 580 932 311 547 1194 766 759 905 815 848 624 714 476 619 254 691 930 355 579 949 833 949 561 854 926 785 1000 773 312 903 683 1192 484 727 1187 893 877 494 456 580 880 836 740 306 752 981 746 969 981 794 1129 457 187 101 979 715 621 1082 123 859
606 185 433 514 254 417 603 163 596 814 351 140 316 477 320 99 628 755 826 364 235 700 121 762 236 686 588 210 483 348 563 0 316 550 817 786 379 244 552 211 396 252 632 393 213 370 502 199 243 358 554 111 829 623 645 351 167 482 581 361 528 155 598 115 202 503 388 189 107 60 324 417 379 706 609 564 206 612 438 288 628 294 556 172 420 212 159 406 328 156 775 504 427 578 229 490 472 215 443 456 110 360 336 435 309 248 616 311 359 257 608 560 457 433 593 214 455 209 386 489 617 237 332 410 338 538 339 386 176 648 727 417 64 293 572 215 476 267 204 96 453 360 78 261 199 550 516 116 505 258 118 228 375 591 460 603 543 649 406 317 384 256 651 178 408 87 320 397 531 373 411 254 396 270 436 109 356 375 755 498 731 361 395 312 673 493 285 650 334 359 266 211 292 801 380 241 297 206 707 308 515 460 234 621 114 376 464 597 157 241 587 650 539
915 261 530 761 427 718 825 455 867 1123 650 438 358 513 266 242 879 946 1141 678 544 1013 239 1071 429 998 843 519 786 122 637 316 0 797 1132 1102 695 546 623 513 253 339 712 535 529 409 599 514 293 671 861 217 1141 919 938 355 170 774 850 466 837 254 698 329 285 685 679 142 250 375 637 702 635 891 915 834 299 912 751 257 915 195 806 199 646 362 474 685 301 367 1079 231 238 785 507 647 710 330 630 755 303 279 518 724 569 78 922 350 78 298 921 845 750 659 906 147 771 142 649 726 906 120 429 640 403 728 483 541 460 962 921 689 263 609 853 444 666 55 207 395 480 663 356 387 463 784 806 297 815 492 325 157 452 877 734 805 827 822 130 153 338 368 967 148 724 322 23 591 842 552 653 567 584 404 680 425 625 412 1058 746 1034 583 319 627 884 768 590 838 509 610 561 199 57 1110 220 207 338 293 1020 142 793 693 359 850 367 480 543 896 314 558 831 754 851
605 537 921 792 742 241 903 562 782 736 258 551 852 992 870 569 81 261 671 473 502 616 670 700 369 399 821 379 246 752 1044 550 797 0 665 622 400 335 1036 361 693 476 1098 858 450 899 978 417 522 329 599 597 714 697 729 531 630 182 89 393 305 704 1054 476 747 196 209 658 557 502 475 174 700 236 632 84 503 670 488 838 743 840 810 718 155 437 433 654 875 663 750 879 747 911 601 914 786 749 210 221 651 626 293 633 661 719 639 848 797 524 547 151 627 785 374 750 406 743 686 799 728 679 418 158 863 168 347 302 580 417 233 679 612 395 732 671 865 768 753 553 975 546 475 424 351 843 169 658 306 306 649 645 888 728 117 938 704 232 821 700 587 445 526 655 397 620 812 807 550 271 744 471 238 409 117 497 196 484 750 52 727 749 621 374 160 709 317 197 306 191 559 759 801 721 705 605 836 509 444 700 114 108 446 88 614 872 958 247 483 425 37 1093 346
237 948 889 557 800 500 620 684 443 111 553 698 948 988 1032 905 654 885 9 454 589 126 903 123 832 274 509 633 448 1158 955 817 1132 665 0 43 443 624 956 650 1169 948 966 818 604 959 902 626 977 491 296 925 62 302 313 1048 981 505 583 948 376 907 917 845 910 841 561 1005 905 760 495 567 592 882 254 582 938 285 381 1005 352 1050 531 954 739 887 666 513 1013 798 177 1314 1214 665 650 788 597 879 824 486 844 1112 835 461 626 1066 250 949 1176 987 211 513 431 643 296 1008 370 1008 568 596 346 1050 951 730 926 826 892 880 685 248 864 526 869 531 405 739 717 1080 969 738 993 482 796 911 738 589 502 852 387 763 825 1033 914 377 592 680 408 896 1221 1119 1102 925 170 995 416 818 1134 722 297 840 611 564 822 903 690 707 646 1027 201 671 200 677 1130 518 796 472 583 857 846 693 585 979 1101 103 1164 1025 947 943 227 1112 557 718 911 731 777 876 922 418 886 578 677 923 340
223 913 877 552 779 459 622 657 444 142 514 670 928 975 1010 872 612 843 49 425 561 113 874 138 794 231 509 598 406 1125 947 786 1102 622 43 0 409 587 948 614 1133 910 962 805 573 942 893 592 940 454 280 892 99 300 315 1010 948 463 540 907 334 880 913 810 886 798 520 973 872 728 466 526 577 839 244 539 902 281 353 982 354 1025 529 927 697 849 633 497 991 773 198 1280 1178 665 626 780 589 856 782 444 817 1075 794 445 607 1034 242 929 1144 950 186 470 415 633 254 980 335 979 553 589 346 1018 912 687 908 783 851 839 659 205 821 512 839 497 403 717 709 1050 943 709 979 458 762 872 701 587 459 825 345 723 799 999 898 376 549 681 401 852 1188 1084 1064 887 135 963 382 790 1104 709 275 799 599 535 780 864 647 676 605 988 218 628 212 663 1092 483 753 463 546 814 806 652 560 952 1072 130 1128 990 926 906 185 1078 514 675 874 687 751 861 910 375 851 545 634 921 299
263 505 586 393 435 159 503 273 386 458 160 279 578 674 639 463 446 661 452 75 176 335 478 408 404 322 421 190 182 715 694 379 695 400 443 409 0 188 689 209 728 512 736 514 168 608 629 183 537 77 231 484 463 327 357 617 539 229 367 535 183 490 688 402 508 501 200 564 462 320 95 229 316 632 279 354 498 304 98 608 361 641 409 531 383 450 223 258 628 396 437 870 771 515 270 544 392 487 462 187 426 673 431 233 297 626 287 576 735 548 241 306 227 400 225 583 75 580 298 404 347 608 531 370 570 508 482 486 281 275 633 283 436 87 338 362 485 646 553 312 666 152 353 480 304 444 259 435 161 342 411 589 577 339 284 541 308 611 779 675 669 492 274 554 28 396 700 441 188 448 358 141 442 475 350 271 266 605 425 372 399 382 694 76 561 308 153 586 441 313 206 562 669 443 722 582 569 502 334 668 299 386 476 489 363 550 623 284 444 137 433 719 176
451 327 586 506 407 173 615 227 537 646 106 216 522 657 553 304 406 576 633 221 181 522 362 597 215 452 556 44 240 546 710 244 546 335 624 587 188 0 702 33 545 325 767 524 122 566 644 83 352 133 414 329 649 505 534 428 379 238 347 350 291 389 724 227 424 363 146 406 299 186 198 179 391 535 465 331 314 485 280 521 532 536 535 415 249 263 99 367 553 331 625 698 591 612 271 588 486 420 312 212 329 488 254 366 340 471 473 519 574 362 428 318 373 473 364 458 254 453 383 501 518 445 343 236 530 382 299 313 245 421 547 390 309 113 495 336 546 503 445 222 641 270 190 292 115 555 273 337 270 158 323 421 552 503 229 638 464 496 613 502 481 304 454 399 211 297 555 481 375 278 435 158 280 286 239 165 143 416 612 289 587 425 507 113 482 443 43 482 262 173 242 453 531 631 542 405 507 319 478 497 278 273 288 418 284 537 622 353 264 107 373 766 309
726 709 119 401 303 825 373 476 526 887 783 489 270 114 358 612 1103 1277 964 618 538 835 475 846 787 985 465 658 868 737 14 552 623 1036 956 948 689 702 0 680 852 793 89 178 586 215 60 620 771 733 671 598 931 656 653 877 625 903 1034 912 871 433 85 667 379 1041 833 621 628 570 594 869 386 1233 704 1019 743 670 658 366 614 428 434 468 941 763 608 463 321 398 817 848 853 318 436 168 359 346 982 862 446 848 883 513 391 627 706 278 701 784 778 985 540 317 892 495 738 505 409 361 616 660 882 929 230 1070 891 937 457 925 1247 443 517 653 553 368 239 580 439 500 146 546 625 811 727 378 936 442 850 794 433 681 183 583 924 318 548 1184 752 745 892 804 848 610 710 464 605 250 690 920 354 573 938 822 941 552 845 914 789 992 776 308 890 677 1184 485 720 1177 883 868 488 443 566 882 822 726 292 740 979 732 962 972 783 1121 447 175 88 974 703 614 1074 137 855
470 299 562 502 381 206 610 204 541 668 140 191 493 631 521 271 434 597 659 233 171 544 329 618 200 484 556 28 273 516 688 211 513 361 650 614 209 33 680 0 519 303 747 503 111 538 622 67 327 162 430 296 672 518 546 408 347 271 378 340 324 356 705 197 393 374 178 374 267 153 204 210 382 554 482 361 289 499 296 489 541 502 533 382 264 241 72 365 522 302 644 668 564 603 254 571 479 389 320 245 297 463 251 369 327 439 490 489 542 338 451 351 378 462 395 425 279 420 376 495 528 414 330 251 502 397 291 311 222 452 567 386 275 127 502 312 532 470 412 192 613 273 157 273 97 550 306 305 302 152 292 390 526 511 258 630 470 511 582 472 459 284 480 366 234 265 522 464 393 279 425 154 285 270 260 136 166 401 630 314 604 410 484 133 504 444 76 500 258 189 232 419 498 653 514 376 477 293 510 467 309 292 267 442 254 512 599 386 236 106 399 748 340
981 224 747 908 607 694 991 560 993 1184 629 537 581 748 506 298 770 779 1178 737 622 1063 397 1134 351 983 984 538 760 132 866 396 253 693 1169 1133 728 545 852 519 0 229 941 735 583 638 819 551 193 679 935 293 1192 1012 1036 164 244 728 764 304 824 432 920 328 481 534 640 237 289 437 700 652 774 724 989 750 231 998 807 490 1021 436 951 387 538 287 514 803 538 520 1155 190 54 961 626 845 864 522 492 723 451 66 400 830 704 225 997 574 190 185 969 782 850 820 903 357 799 346 782 881 1010 193 275 538 623 579 346 395 572 961 758 814 381 642 968 595 849 280 413 493 716 749 384 277 433 941 754 449 806 426 473 179 672 986 664 983 938 650 172 107 116 258 999 250 753 454 276 769 904 421 803 631 455 290 585 494 565 220 1138 645 1113 744 84 652 738 890 587 676 387 532 661 409 303 1170 33 155 559 226 1015 120 724 584 265 722 497 692 767 854 283 602 719 976 849
772 91 676 751 504 465 848 397 817 970 401 374 537 707 502 182 556 606 957 532 434 847 321 921 121 753 819 325 531 276 805 252 339 476 948 910 512 325 793 303 229 0 877 642 386 595 748 347 47 456 731 200 974 815 842 108 197 499 541 132 596 364 846 142 419 346 410 218 165 265 498 422 618 551 784 527 51 798 599 474 832 446 790 344 320 61 314 629 523 406 947 406 280 827 467 742 715 447 292 494 348 166 184 647 550 265 792 530 325 47 753 554 663 680 675 348 579 337 621 732 820 220 96 318 569 389 144 201 414 733 582 645 275 430 785 467 728 325 381 337 679 557 201 51 209 792 525 351 578 196 364 182 612 799 437 852 754 483 344 224 156 31 778 222 536 335 358 649 695 214 654 435 248 67 363 316 336 123 932 426 907 610 182 436 547 715 365 498 173 304 484 382 359 956 234 134 515 56 786 225 497 368 36 518 366 619 705 625 95 397 506 899 622
743 794 200 410 379 879 357 543 526 889 842 559 359 201 446 696 1162 1344 974 663 596 849 560 851 865 1018 461 724 918 826 75 632 712 1098 966 962 736 767 89 747 941 877 0 245 648 304 129 684 856 786 691 683 935 664 656 963 712 956 1091 994 914 519 49 747 465 1114 892 709 713 646 643 928 423 1301 718 1076 827 681 695 455 617 517 435 556 1010 844 677 495 410 476 816 936 942 306 497 193 376 431 1055 915 528 935 959 541 442 716 720 367 790 869 800 1038 566 344 928 584 779 594 444 374 621 748 964 998 318 1141 970 1014 524 957 1314 473 601 709 560 438 259 669 527 574 233 588 704 893 800 377 989 525 894 868 514 769 270 588 984 298 560 1256 841 834 979 886 870 698 755 545 694 295 716 995 385 629 1013 902 1007 623 910 998 788 1055 778 354 977 732 1249 501 781 1247 959 936 542 531 655 885 911 814 381 824 1009 821 1019 1039 865 1184 524 257 174 1020 785 674 1136 63 896
582 564 73 289 138 647 311 299 418 762 604 314 189 170 297 466 924 1100 827 446 359 694 339 716 622 819 369 480 691 635 186 393 535 858 818 805 514 524 178 503 735 642 245 0 407 164 120 441 626 555 524 457 800 529 532 735 495 724 856 754 697 302 207 508 255 868 654 497 482 402 419 690 228 1057 564 840 594 538 492 288 497 355 332 349 765 605 432 308 262 236 697 766 745 263 257 112 237 212 810 684 296 719 715 360 218 519 568 195 611 640 626 807 389 182 724 390 568 399 252 246 495 542 725 753 146 896 727 770 280 761 1070 292 370 475 431 192 143 483 330 329 175 377 461 654 555 288 758 294 676 622 278 557 109 461 746 277 418 1010 664 632 757 649 694 485 537 307 521 98 536 750 207 394 767 663 763 377 667 765 670 813 653 143 760 499 1006 350 541 1002 715 692 311 337 479 755 708 595 203 592 816 619 783 795 627 942 281 68 110 799 549 435 895 257 684
399 359 472 391 300 248 498 120 436 605 198 118 429 549 479 302 516 697 613 154 59 488 310 553 299 485 447 83 304 556 594 213 529 450 604 573 168 122 586 111 583 386 648 407 0 467 527 44 400 166 351 320 618 430 456 494 377 324 450 443 333 325 604 256 347 484 247 400 304 155 116 282 270 657 405 434 360 415 227 447 446 475 423 364 372 326 71 256 472 240 571 712 622 492 151 467 367 332 431 288 260 534 362 264 218 461 413 427 571 413 395 408 278 351 389 414 243 412 264 383 434 447 429 358 430 505 397 421 134 441 668 276 268 87 401 226 424 478 386 145 536 172 199 366 200 438 359 269 310 261 247 431 446 414 338 518 369 618 617 519 540 373 438 390 197 229 532 359 322 390 314 49 397 365 361 104 264 495 554 407 529 303 561 110 601 337 133 604 367 295 120 395 501 591 573 431 418 362 501 512 378 395 353 536 200 427 509 419 303 33 487 645 337
722 507 128 451 172 716 475 347 578 912 662 352 58 112 147 413 973 1122 968 550 435 833 273 865 606 927 532 522 770 522 228 370 409 899 959 942 608 566 215 538 638 595 304 164 467 0 191 489 568 631 663 395 947 681 687 671 416 792 913 720 790 230 289 480 175 873 709 410 430 403 515 744 369 1074 708 897 543 686 608 151 653 215 495 258 784 572 467 447 110 235 850 636 638 425 337 263 398 155 813 756 260 636 706 498 335 413 713 65 487 581 758 875 528 342 829 281 671 291 392 408 651 446 687 773 37 907 705 756 333 873 1093 436 324 549 587 246 308 364 226 346 84 492 448 619 563 453 827 254 767 627 255 470 55 616 796 437 571 1019 538 530 682 609 823 399 634 286 391 257 667 744 360 471 767 631 793 402 703 712 824 851 805 286 678 574 1035 503 594 1018 704 717 404 229 351 904 607 517 80 540 931 517 842 821 589 978 285 96 134 884 510 500 937 345 784
