195
0 603 276 570 665 362 474 358 733 57 329 586 294 449 429 45 200 282 559 142 362 385 102 430 389 338 493 607 189 338 521 615 185 461 568 221 463 180 446 479 554 421 584 199 514 388 768 224 194 166 370 350 467 514 508 419 165 305 295 668 307 673 220 280 145 366 414 663 246 656 367 308 422 376 272 240 319 381 543 348 696 300 670 270 332 510 435 554 534 251 450 346 286 373 283 278 144 282 576 303 220 223 473 90 480 587 619 455 334 526 275 141 556 350 496 374 262 645 225 53 500 506 156 709 336 367 82 481 590 412 287 491 677 412 675 378 344 428 674 533 557 547 201 227 725 389 625 632 288 692 666 94 372 474 597 165 673 77 219 548 452 143 567 152 236 521 436 448 663 546 170 229 634 347 263 47 640 149 444 489 298 715 343 597 303 675 208 187 260 356 504 634 305 604 602
603 0 373 195 237 897 1039 880 625 659 320 82 570 744 810 599 460 822 119 738 474 219 646 981 713 817 156 84 785 295 95 85 697 352 284 485 766 422 171 353 693 721 596 739 707 575 722 571 672 705 853 273 649 325 218 859 437 877 893 122 297 638 759 829 593 522 265 508 742 212 465 904 201 359 870 434 474 748 104 908 521 893 85 792 796 344 705 172 181 853 387 312 319 278 863 751 675 442 163 305 398 726 927 693 236 15 154 761 908 1017 858 493 429 948 733 375 401 731 780 600 335 331 468 148 628 951 523 884 32 696 426 565 211 445 717 928 715 234 109 306 310 401 457 764 568 413 305 46 798 106 244 521 973 607 340 510 632 676 750 1099 882 704 517 738 625 1075 902 594 188 760 652 389 646 942 764 623 367 660 1030 1058 323 540 386 234 770 72 771 760 844 574 210 172 690 678 706
276 373 0 419 514 524 669 507 510 322 56 385 420 617 637 255 257 549 300 418 168 194 286 609 563 584 234 406 434 77 315 361 327 195 292 302 429 140 262 423 422 588 390 370 410 257 570 200 424 338 481 100 349 437 373 653 139 511 540 468 115 471 484 459 223 438 139 418 369 498 165 583 172 110 545 61 139 390 350 538 449 535 453 420 424 241 588 284 379 510 195 71 147 103 560 516 309 86 411 91 191 354 716 361 355 359 352 423 610 646 496 139 304 594 419 115 29 495 412 298 229 235 218 506 277 587 196 526 351 358 73 311 513 187 507 557 353 158 467 258 283 289 254 490 486 385 349 412 425 475 518 232 624 325 325 141 468 334 379 726 683 342 344 429 420 702 533 302 492 459 281 188 447 622 391 278 369 392 666 687 58 470 325 321 541 443 405 398 482 241 230 364 500 443 457
570 195 419 0 97 910 1039 898 792 627 384 112 445 592 671 581 385 733 291 686 566 225 640 988 572 707 290 116 759 355 140 278 708 482 451 393 847 401 158 179 811 573 736 742 813 666 882 612 580 706 884 329 751 141 63 733 420 870 865 141 309 791 676 833 608 376 369 675 762 86 559 844 286 455 814 477 551 809 103 909 693 870 182 806 831 490 552 341 40 815 512 385 301 358 791 645 677 504 31 330 349 743 799 655 93 188 344 841 830 1052 843 498 581 918 830 472 448 865 779 550 478 477 415 176 697 937 502 944 219 776 489 685 108 554 859 934 772 341 161 461 472 553 382 679 740 266 484 173 816 194 100 476 937 717 510 531 786 647 757 1107 750 697 662 679 517 1081 942 699 97 865 667 341 790 878 784 602 544 582 1014 1055 361 714 264 413 661 227 766 750 829 655 357 363 568 810 834
665 237 514 97 0 1007 1135 995 858 722 477 162 519 648 734 677 476 815 350 777 656 320 737 1085 635 782 364 153 854 447 217 322 805 562 516 480 940 498 252 237 897 632 815 839 902 757 953 709 664 803 982 422 841 192 157 801 517 966 959 133 405 865 760 930 705 442 454 741 860 24 648 932 372 543 904 573 643 905 177 1005 756 965 187 903 928 565 607 403 136 908 594 476 398 448 878 723 774 598 104 426 444 840 866 749 185 236 391 935 915 1149 939 596 654 1012 921 560 543 946 876 643 554 551 509 146 791 1032 598 1040 267 869 583 770 37 640 938 1031 867 424 156 532 540 626 474 764 803 337 541 199 914 188 7 571 1029 804 573 628 859 742 855 1204 816 793 738 769 597 1178 1039 787 53 954 764 437 867 966 881 698 603 669 1109 1152 456 776 347 470 737 239 862 846 924 748 429 408 641 892 917
362 897 524 910 1007 0 151 26 760 314 578 902 642 754 697 336 562 467 819 331 481 698 272 87 696 564 756 923 213 601 832 882 202 631 759 584 323 509 766 839 496 731 601 168 438 420 746 332 496 204 92 623 434 872 851 648 490 97 192 986 611 678 446 82 305 723 650 745 154 995 491 340 697 570 316 463 456 246 862 58 776 164 975 104 133 676 753 794 871 239 602 589 609 624 389 539 233 466 910 596 568 170 673 308 825 882 862 319 423 170 135 412 673 204 394 558 496 581 137 405 672 680 513 1025 332 137 412 223 875 334 480 522 1014 537 630 43 248 676 987 716 736 680 563 450 784 752 806 935 100 998 1009 454 242 474 761 387 682 294 152 201 679 220 633 357 566 178 128 458 997 434 245 575 625 361 133 319 793 454 187 172 574 787 704 808 556 967 155 178 141 396 737 870 610 568 545
474 1039 669 1039 1135 151 0 175 903 419 724 1039 728 809 736 458 674 498 966 402 632 835 400 65 755 597 902 1060 294 746 971 1029 342 783 910 689 456 638 902 953 633 789 746 301 575 571 881 481 568 335 232 767 578 989 979 674 620 169 213 1123 748 820 497 210 446 815 798 893 302 1125 643 342 841 720 335 608 607 389 999 131 924 193 1116 250 282 827 815 943 1001 275 754 736 742 770 407 589 365 615 1042 735 691 315 684 402 951 1025 1011 453 425 187 201 549 824 184 529 708 641 713 261 508 824 831 631 1163 483 120 537 330 1019 478 629 670 1145 689 764 112 396 823 1126 867 888 831 676 500 930 860 957 1076 249 1139 1137 569 204 621 913 528 824 399 289 80 701 342 781 423 645 54 234 606 1129 563 388 699 766 348 282 437 945 533 87 20 716 934 817 959 601 1111 273 289 215 548 886 1020 673 706 681
358 880 507 898 995 26 175 0 734 312 560 887 642 760 706 329 555 479 801 337 458 684 264 109 702 575 737 908 220 584 817 864 189 609 737 579 297 497 752 832 470 736 575 160 412 396 719 312 500 195 67 607 408 864 840 660 479 114 210 971 596 652 455 83 291 721 631 720 137 983 468 357 679 550 332 445 434 220 848 82 750 183 959 91 108 653 758 774 858 254 580 571 597 606 403 546 223 446 897 581 559 155 687 310 814 866 842 293 439 168 149 399 649 227 368 537 478 555 134 402 650 658 506 1010 308 162 403 201 858 308 461 497 1001 514 604 69 222 657 971 694 714 656 556 459 759 746 783 918 82 982 997 447 265 448 738 371 656 293 142 220 691 215 608 363 568 198 109 433 983 408 231 565 599 380 115 313 769 457 213 196 558 761 698 787 565 950 154 178 154 372 717 850 615 542 519
733 625 510 792 858 760 903 734 0 755 491 696 930 1127 1140 693 767 1014 508 855 371 620 680 838 1072 1069 502 706 811 510 651 546 655 333 342 813 451 649 658 880 273 1098 160 696 330 362 103 521 915 685 671 526 326 876 778 1146 645 812 887 745 591 85 953 745 603 944 449 117 648 835 367 990 525 403 952 509 414 514 689 808 108 869 698 694 627 307 1098 455 760 889 318 478 637 481 994 1006 672 460 766 568 700 652 1204 791 775 623 478 452 1045 772 822 603 218 930 378 395 504 219 731 774 321 320 726 763 445 885 673 594 593 426 460 251 836 327 171 804 514 469 729 330 319 243 765 960 66 874 324 669 681 712 865 727 968 289 285 568 79 756 689 919 1178 711 167 874 924 907 675 310 812 356 622 695 138 1027 659 709 262 876 947 924 540 93 818 391 1031 652 739 749 813 394 434 466 1004 203 235
57 659 322 627 722 314 419 312 755 0 377 643 331 469 436 68 254 260 612 101 389 442 84 377 408 330 545 664 131 388 578 668 156 500 612 271 450 237 503 533 558 442 602 158 515 400 783 235 205 130 331 402 472 570 565 415 221 250 238 725 362 690 205 231 152 409 461 692 213 714 395 260 475 416 222 280 347 364 600 294 725 242 727 228 300 549 459 604 591 194 486 393 342 422 244 278 116 316 634 357 278 191 463 38 537 643 670 443 295 481 218 183 589 292 491 412 305 651 177 91 539 547 213 766 338 310 136 452 645 407 323 508 735 442 685 326 329 477 731 575 599 582 256 211 752 441 668 688 248 749 723 151 315 485 637 197 691 20 179 494 448 101 592 119 262 466 397 459 721 542 155 286 648 299 228 46 679 159 386 433 349 743 398 644 302 731 158 136 204 368 552 684 321 613 608
329 320 56 384 477 578 724 560 491 377 0 340 445 643 671 310 284 597 243 472 183 162 342 664 592 626 178 359 490 29 270 305 382 162 244 328 463 177 226 410 435 615 386 426 431 281 560 250 466 394 532 55 369 419 344 692 180 567 596 421 102 461 531 514 279 452 84 392 423 459 177 637 119 89 599 115 166 433 307 594 421 592 402 474 475 203 612 228 345 566 172 17 146 47 611 558 366 123 372 78 212 409 756 415 329 307 295 457 662 696 552 194 278 651 445 101 82 501 468 347 190 196 253 458 315 644 247 569 297 392 108 316 472 185 507 612 397 102 418 213 237 258 281 538 461 386 301 361 478 425 481 277 680 339 282 198 457 390 434 780 722 398 330 480 455 757 582 319 451 482 336 207 443 676 445 333 327 437 722 743 49 442 328 268 582 390 461 454 538 271 175 308 534 447 465
586 82 385 112 162 902 1039 887 696 643 340 0 515 680 751 588 423 784 188 714 510 204 640 984 653 770 204 21 773 311 70 167 699 404 353 442 799 406 139 278 742 659 655 738 751 611 790 585 631 703 865 286 691 247 143 806 423 874 881 84 291 703 723 830 596 459 302 578 749 138 501 878 224 395 846 447 503 773 43 908 594 883 90 797 809 404 640 241 103 836 437 335 300 303 832 705 674 463 81 305 370 731 874 675 165 77 234 794 875 1032 851 490 492 935 774 411 415 788 778 576 393 390 440 124 655 945 509 909 108 729 448 615 143 488 777 930 737 271 88 369 377 464 420 727 641 348 380 65 804 111 169 498 958 652 411 515 697 661 751 1103 827 699 577 712 577 1078 919 637 119 804 656 361 707 914 771 611 441 625 1023 1057 330 614 330 309 723 122 767 754 836 606 268 253 637 733 760
294 570 420 445 519 642 728 642 930 331 445 515 0 198 241 335 163 304 586 326 573 379 397 697 150 263 534 532 437 433 475 620 479 608 672 117 746 282 401 284 808 169 805 489 779 634 988 489 168 458 662 426 724 329 384 290 289 567 520 580 357 888 261 561 425 91 511 837 540 521 574 446 468 528 427 429 534 670 475 615 866 537 605 560 627 648 167 608 423 459 614 461 310 469 382 206 438 479 466 374 233 517 358 334 356 555 656 739 409 811 529 355 722 565 769 535 428 893 508 243 635 639 208 618 605 609 295 776 573 688 475 718 545 605 914 649 631 506 595 651 674 704 165 262 905 182 727 578 579 624 517 232 570 717 720 400 886 349 509 807 312 432 764 307 89 780 728 691 541 818 462 238 860 473 557 341 765 196 675 739 396 887 185 674 218 633 488 465 517 606 578 675 123 845 852
449 744 617 592 648 754 809 760 1127 469 643 680 198 0 102 495 360 316 775 423 765 570 547 792 60 224 726 695 540 631 651 803 625 806 869 315 912 477 583 414 991 29 997 622 958 819 1181 665 264 598 793 624 906 457 540 185 483 666 596 734 554 1082 311 677 593 222 709 1034 681 657 767 480 662 726 476 621 724 830 644 715 1064 618 767 689 768 846 40 800 581 534 812 659 507 667 409 220 584 672 619 572 431 660 237 457 515 731 845 905 413 925 626 539 920 628 944 732 623 1079 630 396 833 837 401 769 781 688 474 920 752 860 669 909 680 801 1103 750 793 703 752 849 871 902 363 309 1103 332 923 746 710 784 644 412 621 904 917 583 1081 483 643 889 186 568 960 397 214 862 858 877 681 993 618 436 1052 492 695 493 962 310 740 814 594 1085 361 869 208 802 610 586 616 790 773 864 147 1033 1037
429 810 637 671 734 697 736 706 1140 436 671 751 241 102 0 475 388 237 828 372 772 620 519 726 99 139 774 767 486 663 715 862 591 831 906 347 887 496 642 497 983 106 1003 581 944 814 1187 653 235 561 746 659 896 541 615 83 498 604 526 811 591 1090 251 624 575 295 743 1055 643 741 775 398 706 748 401 631 730 800 712 653 1086 550 841 643 727 874 136 848 655 466 832 687 545 700 329 161 552 681 696 606 462 623 136 417 588 795 898 880 324 866 564 540 942 553 925 752 638 1073 582 379 861 867 418 847 766 617 471 879 814 841 680 911 764 813 1101 688 766 741 828 882 905 926 391 246 1122 406 962 816 665 858 731 414 541 900 951 580 1089 447 601 816 84 529 972 345 216 790 809 873 764 976 592 469 1055 406 653 469 996 280 663 740 623 1107 423 912 141 871 562 538 556 783 815 917 137 1030 1031
45 599 255 581 677 336 458 329 693 68 310 588 335 495 475 0 226 321 547 168 324 385 65 409 434 381 481 609 186 322 521 605 147 432 544 254 417 182 448 503 508 467 542 168 469 344 725 180 240 133 335 337 422 536 520 463 164 289 294 671 302 631 261 256 100 403 394 627 209 667 330 328 411 348 290 211 281 336 546 328 660 294 670 239 294 480 480 538 544 257 418 326 287 356 311 323 107 248 585 295 233 186 516 107 493 584 604 410 363 495 263 116 522 349 450 344 236 600 201 98 471 478 177 712 290 357 79 441 584 366 255 449 687 376 631 356 299 411 676 506 530 514 227 267 688 418 599 631 254 692 679 118 375 430 569 129 631 80 187 528 496 117 528 184 281 501 400 404 672 501 126 241 591 368 228 24 611 195 435 474 284 678 368 576 348 672 185 169 248 312 485 617 350 560 557
200 460 257 385 476 562 674 555 767 254 284 423 163 360 388 226 0 362 452 301 412 247 292 631 308 363 393 443 383 274 368 495 373 446 518 45 608 119 289 279 652 331 643 395 627 479 825 345 211 360 561 271 570 315 321 418 129 504 485 500 203 726 300 480 295 195 354 674 434 471 412 459 322 365 429 267 373 539 380 548 704 494 513 466 517 487 331 465 353 432 451 300 159 311 409 295 334 318 397 217 73 411 484 275 292 444 520 600 451 722 473 205 560 537 622 372 265 735 425 168 474 479 55 541 460 563 161 657 456 545 313 557 493 442 754 578 499 353 510 494 517 542 3 304 742 191 574 479 481 534 477 108 553 560 562 252 723 274 414 748 445 341 600 294 176 721 625 534 482 670 344 81 698 493 454 242 607 202 638 688 235 725 143 526 316 530 408 388 458 453 428 538 253 686 694
282 822 549 733 815 467 498 479 1014 260 597 784 304 316 237 321 362 0 805 167 645 607 341 489 269 98 743 803 263 600 730 853 395 741 841 342 695 425 652 586 816 300 862 374 770 661 1043 496 152 363 526 606 731 630 669 181 417 372 290 858 548 951 65 400 413 394 680 946 438 814 650 163 670 655 163 521 602 604 741 420 979 314 874 427 515 788 329 811 705 231 732 614 511 637 93 105 363 564 749 553 426 420 212 227 640 807 871 688 105 633 332 421 839 315 743 654 540 910 365 250 778 784 360 898 596 380 354 664 817 659 569 768 838 695 945 454 575 688 870 808 832 829 365 59 1008 482 898 841 449 895 814 321 305 745 874 448 951 262 392 578 211 331 849 142 219 552 586 720 830 794 409 435 909 178 444 305 918 163 426 503 557 998 468 863 108 892 347 324 326 628 766 888 202 873 867
559 119 300 291 350 819 966 801 508 612 243 188 586 775 828 547 452 805 0 700 371 207 585 906 736 815 66 198 731 225 154 63 626 238 165 486 661 384 197 419 578 749 478 669 595 470 604 488 661 638 767 209 538 401 293 867 396 811 838 241 258 519 740 757 523 556 170 390 665 326 361 867 137 259 831 358 378 651 187 837 405 834 200 716 709 226 737 53 265 804 274 231 294 196 834 747 609 354 262 256 381 651 935 649 301 115 70 656 882 928 796 433 310 893 624 274 325 613 712 567 217 213 445 265 530 887 477 786 86 592 339 450 328 335 598 854 620 143 227 186 191 282 448 746 453 455 193 165 719 218 357 489 921 494 223 442 513 626 678 1021 893 642 398 705 626 998 812 483 304 647 579 372 527 906 686 571 254 641 966 986 262 426 415 122 769 167 705 698 782 472 96 89 699 560 589
142 738 418 686 777 331 402 337 855 101 472 714 326 423 372 168 301 167 700 0 490 519 176 374 365 249 635 735 117 481 652 755 228 600 710 303 528 317 575 570 650 400 700 211 603 497 880 334 167 197 373 492 565 610 622 336 304 245 194 794 445 789 123 254 251 415 556 794 274 772 496 167 563 516 132 380 448 439 671 294 827 210 801 271 356 649 422 696 652 135 587 488 419 516 143 211 196 417 696 444 343 256 377 63 593 722 761 522 194 501 206 281 690 242 576 513 403 743 210 138 639 646 274 836 430 282 224 507 727 492 424 607 794 544 779 329 408 570 803 674 698 683 303 128 853 470 766 764 292 823 778 217 253 581 737 298 790 98 230 481 369 164 693 27 242 454 437 556 782 627 243 352 745 205 282 148 780 130 350 412 440 845 437 740 231 810 190 166 194 465 646 776 279 708 701
362 474 168 566 656 481 632 458 371 389 183 510 573 765 772 324 412 645 371 490 0 345 321 568 709 698 318 528 464 212 443 434 318 152 279 457 291 292 408 589 254 736 232 364 248 101 416 167 544 343 412 237 186 601 527 775 284 499 556 587 279 317 583 436 242 601 209 303 335 637 10 637 286 116 598 144 43 281 482 512 337 543 560 387 356 195 740 333 526 544 121 181 315 208 632 634 322 93 552 253 353 329 833 426 512 463 398 286 683 564 498 232 205 605 264 99 150 327 405 402 192 199 365 621 161 578 302 415 446 221 99 145 648 58 342 521 254 240 580 236 255 205 410 590 363 553 325 519 384 581 661 358 641 157 280 197 316 393 364 675 808 362 204 508 558 655 449 135 626 299 276 352 286 676 353 342 315 504 651 653 219 354 494 333 660 536 406 409 486 100 277 402 637 276 288
385 219 194 225 320 698 835 684 620 442 162 204 379 570 620 385 247 607 207 519 345 0 436 780 529 610 155 225 570 133 136 247 496 289 309 279 622 204 68 260 596 544 536 534 593 443 700 389 458 499 666 108 532 261 181 660 221 669 678 288 87 603 543 626 393 355 171 510 547 304 339 685 98 242 651 252 327 584 163 704 534 680 285 594 611 313 533 230 185 636 312 165 100 146 645 542 469 279 217 105 181 529 727 475 167 203 277 616 690 833 647 286 402 733 607 257 223 658 574 381 299 301 249 328 471 741 307 720 210 551 264 474 320 342 659 726 547 152 291 300 319 377 244 548 579 263 359 246 602 307 324 302 757 501 364 313 599 459 547 899 685 494 471 519 420 874 721 481 301 644 453 172 593 723 569 408 406 444 819 853 136 556 215 300 563 291 563 550 632 431 208 296 491 604 624
102 646 286 640 737 272 400 264 680 84 342 640 397 547 519 65 292 341 585 176 321 436 0 348 487 414 519 662 150 359 572 645 82 445 564 319 367 238 502 567 475 520 524 104 431 321 703 159 286 68 269 377 390 600 580 499 220 233 254 724 350 613 288 193 78 467 424 624 144 726 328 316 452 366 277 233 280 282 599 268 657 249 720 173 230 494 536 570 602 228 427 357 342 389 314 362 42 260 642 340 295 121 546 113 554 631 638 360 365 429 212 153 525 308 407 359 263 568 139 154 486 494 242 765 255 305 139 379 628 323 270 431 745 377 603 294 247 444 728 525 548 521 293 294 681 483 618 680 189 742 739 184 338 405 583 146 614 78 122 467 532 58 520 198 337 441 335 379 729 458 72 302 569 355 162 55 624 240 384 416 324 674 433 602 386 718 126 114 198 288 516 650 401 532 526
430 981 609 988 1085 87 65 109 838 377 664 984 697 792 726 409 631 489 906 374 568 780 348 0 736 588 842 1005 260 687 915 968 284 719 846 649 393 586 847 909 569 770 680 246 511 505 817 419 542 282 166 708 512 944 929 669 568 130 200 1068 693 755 480 154 388 781 737 827 241 1074 578 343 782 657 328 549 543 324 944 82 858 175 1059 189 216 763 795 881 950 259 689 675 689 710 403 572 311 553 989 679 643 255 686 365 902 967 949 390 428 153 168 494 759 188 465 645 581 651 208 468 759 767 585 1108 417 114 487 272 961 412 567 604 1093 624 701 53 330 762 1070 803 823 766 632 483 865 819 893 1019 186 1082 1087 524 218 555 848 471 759 357 232 119 698 292 716 398 616 93 174 540 1077 501 329 650 701 356 220 390 879 503 125 86 658 869 774 896 587 1052 223 242 180 482 824 957 652 642 617
389 713 563 572 635 696 755 702 1072 408 592 653 150 60 99 434 308 269 736 365 709 529 487 736 0 186 684 668 483 582 618 768 564 754 822 264 852 423 547 398 932 34 941 562 898 760 1125 605 203 538 734 576 846 442 516 170 427 609 542 711 507 1026 257 618 532 196 660 982 621 641 710 432 618 673 426 565 667 769 615 658 1012 563 742 630 707 796 60 758 556 479 759 608 460 618 361 167 524 615 596 523 380 599 232 397 489 699 806 844 370 867 569 481 868 576 883 679 568 1021 571 336 783 787 346 748 721 634 415 860 718 800 613 851 665 745 1045 693 732 656 729 800 823 850 311 255 1050 307 877 718 650 759 631 353 571 845 869 524 1025 422 583 835 181 507 905 339 154 809 799 819 664 933 558 387 994 447 634 432 914 249 689 762 543 1033 326 825 160 773 551 526 559 730 728 825 86 975 978
338 817 584 707 782 564 597 575 1069 330 626 770 263 224 139 381 363 98 815 249 698 610 414 588 186 0 755 788 356 624 723 858 477 779 869 332 777 449 646 546 888 213 923 461 845 726 1106 561 159 445 619 626 802 591 645 86 445 470 388 839 562 1011 127 495 479 345 706 994 524 784 702 259 684 693 262 565 655 687 728 518 1026 413 861 518 605 825 244 827 683 329 774 643 521 662 190 68 441 612 726 572 434 505 135 303 616 802 883 770 188 731 430 467 883 413 821 695 579 980 457 295 813 819 375 878 668 479 397 755 816 737 614 829 808 745 1013 553 656 710 853 840 864 871 366 121 1058 445 926 831 540 881 780 351 401 811 908 500 1011 337 480 677 119 413 902 223 192 651 680 785 803 872 485 443 972 268 532 369 952 194 523 601 582 1046 443 885 46 885 437 414 422 694 786 901 141 941 938
493 156 234 290 364 756 902 737 502 545 178 204 534 726 774 481 393 743 66 635 318 155 519 842 684 755 0 219 665 159 149 126 561 200 166 429 610 320 164 393 540 700 450 604 552 419 592 425 600 572 705 143 493 381 278 810 331 745 772 273 194 501 677 693 458 510 110 385 601 341 309 802 72 203 765 293 320 594 189 772 405 768 241 652 648 201 689 74 258 738 234 166 234 131 770 687 544 292 266 191 321 587 877 582 279 146 128 605 818 868 730 367 291 826 577 219 260 583 647 502 189 187 383 304 473 822 411 730 127 540 277 412 348 289 573 790 562 81 264 171 183 263 389 683 452 415 209 202 656 262 370 425 855 452 224 376 496 560 613 957 837 576 374 640 569 934 752 438 324 604 514 312 503 841 622 505 263 579 900 921 196 426 370 145 709 218 639 632 716 418 67 145 643 529 556
607 84 406 116 153 923 1060 908 706 664 359 21 532 695 767 609 443 803 198 735 528 225 662 1005 668 788 219 0 794 331 90 170 721 419 364 461 818 427 160 289 759 673 669 759 769 630 802 606 650 724 886 306 709 255 155 823 444 895 902 62 312 715 742 851 617 473 320 589 770 128 520 899 243 413 866 467 522 793 63 929 603 904 73 818 830 417 654 251 115 857 453 355 321 323 852 724 695 483 85 326 391 752 890 695 179 83 239 813 895 1052 872 511 505 956 792 430 435 802 799 596 407 404 461 103 674 966 530 929 114 747 468 631 130 505 791 951 757 289 67 382 388 477 440 747 651 362 388 56 825 92 160 518 978 669 421 536 709 682 772 1124 843 720 591 732 596 1099 939 654 106 821 677 382 721 935 792 632 450 645 1044 1078 351 623 347 317 742 111 788 775 857 625 282 257 655 748 775
189 785 434 759 854 213 294 220 811 131 490 773 437 540 486 186 383 263 731 117 464 570 150 260 483 356 665 794 0 506 707 790 156 594 714 396 441 366 633 661 582 517 651 120 530 448 823 297 283 125 262 522 501 699 697 442 349 129 108 856 488 738 234 138 224 522 573 764 181 846 472 181 596 516 144 383 426 350 731 178 797 111 856 164 253 643 540 719 723 80 575 506 472 537 202 326 141 409 765 481 410 168 475 108 669 770 786 435 248 384 92 297 669 163 497 509 412 675 102 215 635 643 344 897 368 180 263 400 770 417 419 560 867 521 716 213 326 592 861 675 698 667 385 239 818 566 768 817 185 878 855 283 189 526 733 296 740 112 135 371 474 102 657 143 357 343 323 502 853 546 189 418 691 217 183 162 772 244 255 306 469 813 526 752 344 858 85 66 79 416 665 799 397 646 634
338 295 77 355 447 601 746 584 510 388 29 311 433 631 663 322 274 600 225 481 212 133 359 687 582 624 159 331 506 0 242 285 403 178 245 317 493 175 196 384 464 603 411 446 460 311 582 276 465 414 557 25 398 391 315 688 182 587 613 393 81 483 534 536 300 435 81 408 447 429 206 647 95 113 610 138 196 461 278 615 436 609 376 497 500 215 599 216 315 580 192 34 127 37 619 556 385 152 343 59 201 431 753 426 300 281 281 487 668 722 571 208 294 667 475 126 106 528 488 352 201 206 249 431 344 663 256 598 274 421 136 343 443 211 532 634 425 89 391 219 242 273 271 540 477 364 302 335 502 399 452 279 695 368 288 217 480 402 456 803 717 416 351 488 448 780 608 347 422 511 358 195 468 686 468 346 333 438 741 764 42 457 307 262 580 366 481 473 557 300 166 295 527 474 493
521 95 315 140 217 832 971 817 651 578 270 70 475 651 715 521 368 730 154 652 443 136 572 915 618 723 149 90 707 242 0 158 630 345 311 391 731 341 78 270 680 627 598 669 687 544 742 515 579 635 795 216 626 248 139 764 357 805 815 153 222 651 668 761 526 428 237 534 679 195 435 818 157 329 785 377 434 703 39 839 552 816 149 727 739 350 611 202 111 772 377 266 235 235 774 657 605 394 116 236 310 662 832 611 150 80 215 726 818 961 784 421 441 870 707 345 345 729 710 514 339 337 380 193 586 877 443 840 102 660 378 553 205 424 721 861 667 207 155 320 331 413 365 673 599 320 346 112 735 171 223 435 893 588 370 445 646 596 682 1033 787 631 523 651 530 1008 849 572 183 739 586 301 652 855 701 545 404 569 956 988 260 573 292 276 676 161 699 687 769 538 217 235 595 675 700
615 85 361 278 322 882 1029 864 546 668 305 167 620 803 862 605 495 853 63 755 434 247 645 968 768 858 126 170 790 285 158 0 688 297 209 526 723 437 220 427 634 779 529 731 654 532 645 551 706 699 830 267 598 403 294 906 450 872 897 199 310 564 789 819 584 582 233 429 727 297 424 922 193 322 886 420 441 714 180 899 440 894 152 779 773 280 765 105 260 862 333 293 342 258 887 790 670 417 247 311 427 713 974 705 308 90 70 718 934 991 856 492 359 952 684 337 387 665 773 619 273 268 494 217 593 948 533 849 59 655 403 508 294 396 647 916 683 206 182 237 237 331 492 794 488 476 223 124 782 166 329 541 979 553 262 503 558 684 740 1084 931 702 448 758 667 1061 876 543 271 706 641 418 577 960 749 629 285 690 1027 1048 321 459 442 154 811 110 766 758 842 535 157 87 737 613 643
185 697 327 708 805 202 342 189 655 156 382 699 479 625 591 147 373 395 626 228 318 496 82 284 564 477 561 721 156 403 630 688 0 459 584 401 300 308 564 645 428 598 496 46 378 292 667 152 362 32 187 424 346 676 650 563 289 187 238 784 408 582 349 132 104 550 459 613 61 793 327 336 498 387 299 267 284 210 660 211 646 225 775 98 147 506 615 605 669 234 435 395 407 429 351 430 41 279 707 394 370 38 606 174 624 683 673 293 399 350 179 210 523 287 349 377 300 521 88 236 500 508 321 823 213 265 215 297 677 265 292 404 811 376 561 231 179 482 785 542 564 523 373 355 664 564 635 734 110 797 807 265 322 370 595 186 584 143 52 403 596 64 504 254 417 378 252 346 794 399 46 376 535 373 80 138 632 315 342 360 373 661 512 628 453 769 87 93 168 261 548 683 478 491 480
461 352 195 482 562 631 783 609 333 500 162 404 608 806 831 432 446 741 238 600 152 289 445 719 754 779 200 419 594 178 345 297 459 0 127 491 429 335 334 550 340 777 253 505 357 240 410 307 620 480 565 193 301 550 458 849 335 644 693 472 259 314 676 583 370 613 118 229 483 540 141 758 199 85 720 220 176 431 385 660 258 683 437 535 508 48 775 192 446 674 36 147 306 148 743 712 456 185 461 237 375 474 911 539 451 344 252 425 795 716 639 320 116 745 387 87 201 384 547 490 41 49 412 501 312 723 386 562 321 363 176 212 547 102 377 671 406 142 461 84 105 95 443 683 299 541 176 399 533 456 568 427 778 256 138 303 309 508 508 827 879 494 182 614 614 807 601 246 524 409 414 370 308 798 501 453 179 586 798 803 212 279 485 181 736 405 546 546 626 249 142 254 694 329 356
568 284 292 451 516 759 910 737 342 612 244 353 672 869 906 544 518 841 165 710 279 309 564 846 822 869 166 364 714 245 311 209 584 127 0 559 547 419 330 558 435 841 322 630 462 362 438 433 710 603 692 246 412 548 444 933 424 770 815 405 315 355 775 709 491 661 163 225 610 492 269 872 210 198 834 332 303 556 348 787 241 806 361 663 636 87 834 112 422 793 159 226 362 207 852 801 578 306 425 300 444 601 998 651 445 280 147 543 903 842 763 429 151 868 498 206 307 458 672 591 88 80 494 426 439 849 489 684 251 484 294 313 494 227 438 798 532 165 390 43 30 124 515 782 289 573 57 328 661 376 523 521 900 363 58 419 349 622 633 955 962 615 240 721 693 934 728 359 470 513 538 436 368 912 629 566 97 681 924 931 286 262 523 61 825 319 670 669 750 375 101 142 771 407 439
221 485 302 393 480 584 689 579 813 271 328 442 117 315 347 254 45 342 486 303 457 279 319 649 264 332 429 461 396 317 391 526 401 491 559 0 647 165 313 267 697 286 688 420 670 523 871 385 189 386 589 312 614 307 329 381 174 521 493 515 244 771 283 502 331 154 396 719 463 477 458 453 360 411 425 313 418 576 399 566 749 504 532 491 547 531 285 502 363 437 496 344 198 354 398 265 361 364 407 259 116 440 449 287 299 470 555 640 437 747 487 247 605 544 664 418 311 780 446 181 518 523 96 556 501 575 196 691 483 586 359 603 500 488 799 597 537 394 527 536 559 586 48 287 788 170 615 501 508 553 479 137 556 604 605 293 769 291 439 765 408 364 646 292 141 737 654 579 490 712 376 122 744 486 482 266 650 189 648 702 279 770 134 565 285 553 428 407 473 496 468 573 214 731 739
463 766 429 847 940 323 456 297 451 450 463 799 746 912 887 417 608 695 661 528 291 622 367 393 852 777 610 818 441 493 731 723 300 429 547 647 0 503 688 842 178 885 300 322 120 191 424 262 654 331 230 518 141 862 802 863 487 394 485 878 543 366 649 333 321 801 501 460 259 922 300 616 575 407 583 376 297 91 769 378 487 461 851 286 200 459 897 619 807 507 393 465 567 496 643 728 336 343 836 520 573 274 906 473 784 755 681 7 689 323 416 402 421 516 73 390 401 258 341 516 461 468 553 912 153 458 452 147 737 71 357 246 935 326 308 366 120 532 872 505 518 437 607 655 485 784 579 811 268 872 945 515 555 191 527 356 371 441 306 468 896 364 354 554 699 457 225 189 914 111 295 575 312 648 259 419 547 607 510 476 487 494 726 606 752 827 356 375 413 193 565 682 767 250 224
180 422 140 401 498 509 638 497 649 237 177 406 282 477 496 182 119 425 384 317 292 204 238 586 423 449 320 427 366 175 341 437 308 335 419 165 503 0 267 346 535 448 523 341 513 362 705 241 290 305 490 180 454 372 342 515 18 470 474 489 127 606 359 432 212 311 256 559 365 487 292 485 247 251 449 148 254 443 364 507 590 476 490 406 439 378 449 386 363 431 336 194 106 213 450 381 275 198 403 128 70 344 579 271 316 406 448 496 498 656 445 105 445 529 511 256 145 616 378 182 366 372 77 530 351 539 103 569 409 437 193 438 507 323 634 533 403 263 495 391 415 429 117 365 627 281 477 451 417 512 500 105 552 441 459 148 604 255 356 706 545 295 482 321 279 680 551 416 491 557 269 73 578 523 386 204 504 262 617 655 133 611 223 438 405 495 365 350 430 337 340 464 359 567 576
446 171 262 158 252 766 902 752 658 503 226 139 401 583 642 448 289 652 197 575 408 68 502 847 547 646 164 160 633 196 78 220 564 334 330 313 688 267 0 228 655 558 587 601 655 507 743 458 500 566 734 170 593 219 123 689 284 735 741 222 156 648 589 693 461 361 218 544 615 235 401 740 135 299 707 321 392 653 97 770 566 743 226 662 680 350 544 234 119 696 361 226 161 201 696 579 536 345 148 174 232 597 757 535 117 156 265 683 740 901 712 354 441 795 671 315 291 712 641 437 338 338 302 263 539 806 370 788 171 617 331 531 251 398 710 794 615 192 228 329 345 415 286 594 612 258 374 190 670 248 256 358 818 560 388 381 643 521 615 966 713 560 517 574 453 941 790 541 232 706 521 223 642 777 637 471 427 491 884 919 204 587 221 308 599 240 629 616 697 497 229 285 519 658 680
479 353 423 179 237 839 953 832 880 533 410 278 284 414 497 503 279 586 419 570 589 260 567 909 398 546 393 289 661 384 270 427 645 550 558 267 842 346 228 0 844 396 795 671 834 680 960 585 439 636 832 362 772 45 135 563 364 783 760 321 310 863 535 758 557 204 432 768 705 243 585 714 355 497 690 467 563 787 249 827 792 771 359 741 784 572 373 461 174 704 572 418 277 404 655 490 608 508 207 336 277 683 628 553 119 342 484 836 688 996 751 451 662 811 840 511 447 912 703 445 559 560 325 354 689 841 430 915 369 773 496 727 267 595 917 857 748 411 340 555 572 637 277 538 837 103 602 344 755 373 234 385 824 747 616 493 859 553 689 1027 578 619 731 558 366 1000 894 725 267 882 611 273 851 745 726 520 656 451 915 967 370 813 135 535 502 400 686 667 737 662 457 504 405 858 876
554 693 422 811 897 496 633 470 273 558 435 742 808 991 983 508 652 816 578 650 254 596 475 569 932 888 540 759 582 464 680 634 428 340 435 697 178 535 655 844 0 963 134 462 58 173 249 329 748 460 404 488 86 854 777 971 523 558 643 813 533 189 763 493 409 846 442 299 405 876 258 762 525 356 726 388 284 251 720 548 322 621 777 443 366 355 970 529 773 656 306 430 569 453 779 832 455 341 794 508 601 414 1022 589 764 685 581 180 828 498 575 453 290 679 104 340 401 93 490 603 361 367 601 842 220 627 517 321 662 167 350 127 885 256 135 539 261 472 802 399 405 313 651 769 313 806 454 740 428 796 902 580 718 96 401 408 194 554 450 646 1005 490 206 674 778 635 403 120 862 87 407 600 135 797 411 518 410 703 684 654 474 325 746 497 857 744 501 516 569 202 483 577 853 72 51
421 721 588 573 632 731 789 736 1098 442 615 659 169 29 106 467 331 300 749 400 736 544 520 770 34 213 700 673 517 603 627 779 598 777 841 286 885 448 558 396 963 0 968 597 929 790 1152 636 238 572 768 596 877 440 519 186 453 644 576 714 526 1053 291 653 564 200 681 1006 655 639 738 464 635 697 459 592 695 802 621 693 1036 598 746 664 742 818 31 774 560 514 783 631 479 639 393 201 558 643 599 544 402 634 243 431 494 708 819 877 400 902 604 510 891 610 915 704 594 1050 606 368 805 809 372 749 752 668 445 894 728 832 640 880 663 771 1074 728 766 675 732 821 843 873 334 289 1074 311 896 724 685 763 628 383 604 875 889 554 1052 457 618 869 191 542 931 374 186 843 833 848 663 965 591 408 1022 478 669 466 934 283 722 795 566 1057 336 842 192 780 586 561 593 761 746 839 121 1004 1008
584 596 390 736 815 601 746 575 160 602 386 655 805 997 1003 542 643 862 478 700 232 536 524 680 941 923 450 669 651 411 598 529 496 253 322 688 300 523 587 795 134 968 0 536 184 204 184 366 773 526 513 432 167 798 710 1002 515 651 727 718 489 88 804 584 449 829 368 164 487 792 230 832 452 298 794 376 273 356 638 648 188 708 678 533 467 252 972 426 699 730 225 377 531 390 838 861 514 325 715 464 581 491 1058 637 702 590 470 301 889 624 661 462 171 769 230 285 378 135 571 629 262 265 597 743 284 724 531 447 564 267 329 93 798 203 123 644 354 395 705 292 293 198 641 810 185 772 331 643 521 695 821 589 807 128 280 423 89 602 528 766 1035 552 81 721 789 753 522 149 775 222 464 578 56 868 498 557 282 731 787 766 432 194 713 382 887 640 578 589 652 236 387 463 868 85 119
199 739 370 742 839 168 301 160 696 158 426 738 489 622 581 168 395 374 669 211 364 534 104 246 562 461 604 759 120 446 669 731 46 505 630 420 322 341 601 671 462 597 536 0 410 334 704 198 358 35 173 466 382 704 683 547 322 141 193 822 447 622 334 91 146 564 503 657 63 828 373 300 541 433 264 311 330 231 698 169 689 179 815 71 146 552 615 650 704 194 481 439 443 472 321 420 65 325 743 434 399 48 586 166 657 724 718 316 368 327 133 248 568 241 377 423 343 555 43 246 546 554 345 862 251 219 243 298 719 296 338 446 847 422 596 192 205 526 825 588 610 569 396 339 707 586 681 775 90 838 841 287 277 409 641 228 624 141 20 365 580 57 547 238 420 339 239 386 830 426 91 406 573 335 72 153 678 313 297 319 415 704 537 673 441 810 42 54 122 304 593 728 475 527 514
514 707 410 813 902 438 575 412 330 515 431 751 779 958 944 469 627 770 595 603 248 593 431 511 898 845 552 769 530 460 687 654 378 357 462 670 120 513 655 834 58 929 184 410 0 153 307 293 709 411 346 485 61 847 775 929 500 502 588 825 524 246 719 437 369 822 449 347 351 882 254 710 530 358 675 370 270 193 726 490 372 566 792 388 309 378 938 549 774 603 321 428 556 454 729 791 407 326 798 499 581 362 978 543 760 698 605 122 777 442 519 424 323 623 47 341 387 146 437 565 383 389 574 856 178 570 485 265 677 113 337 149 892 263 192 481 206 480 816 423 433 344 626 725 367 789 487 754 372 812 907 548 662 100 434 378 251 509 397 589 963 441 246 628 743 577 345 114 870 52 361 581 192 744 356 476 448 664 626 596 465 377 729 523 815 762 449 465 514 175 499 603 817 130 107
388 575 257 666 757 420 571 396 362 400 281 611 634 819 814 344 479 661 470 497 101 443 321 505 760 726 419 630 448 311 544 532 292 240 362 523 191 362 507 680 173 790 204 334 153 0 382 164 580 322 341 336 92 694 625 807 350 457 527 688 372 292 604 391 247 673 311 326 290 738 110 628 387 217 590 217 117 195 583 460 358 510 660 339 288 274 797 429 626 527 204 280 403 309 634 667 309 172 652 347 429 291 861 434 609 564 491 186 684 481 463 280 254 571 164 200 233 260 371 435 275 282 427 722 88 533 345 322 546 123 183 111 749 137 287 463 176 342 681 319 335 264 477 610 373 636 400 620 330 681 762 407 609 85 351 236 293 399 328 604 840 348 215 519 606 587 368 59 727 202 260 429 248 665 304 357 378 537 601 592 313 372 576 420 692 635 377 386 453 32 374 494 683 216 218
768 722 570 882 953 746 881 719 103 783 560 790 988 1181 1187 725 825 1043 604 880 416 700 703 817 1125 1106 592 802 823 582 742 645 667 410 438 871 424 705 743 960 249 1152 184 704 307 382 0 547 957 699 654 600 322 960 865 1186 699 807 890 843 662 99 986 742 630 1009 528 216 651 929 414 1004 608 471 967 560 458 500 781 797 211 869 797 691 616 393 1155 550 849 899 390 548 706 557 1015 1045 689 509 858 638 762 657 1241 817 860 719 577 427 1065 735 822 646 302 928 352 460 560 168 736 813 405 406 780 862 454 877 716 559 690 416 512 276 932 383 117 789 509 551 827 421 413 329 823 992 168 947 424 766 677 811 959 773 967 298 382 608 102 781 694 888 1219 726 230 901 974 879 648 323 908 318 640 758 134 1040 658 739 363 915 933 901 608 196 889 490 1071 752 745 758 816 415 525 566 1052 179 200
224 571 200 612 709 332 481 312 521 235 250 585 489 665 653 180 345 496 488 334 167 389 159 419 605 561 425 606 297 276 515 551 152 307 433 385 262 241 458 585 329 636 366 198 293 164 547 0 418 175 281 300 243 608 561 643 225 337 389 668 303 455 439 276 83 539 318 467 178 694 176 472 370 239 434 138 132 202 549 355 500 377 652 231 224 354 646 462 572 377 283 259 317 294 473 503 155 134 606 283 312 168 696 270 539 557 530 255 524 446 332 140 372 439 280 228 170 420 240 274 348 356 290 706 116 415 193 333 548 200 148 272 710 225 451 368 162 344 667 391 412 372 344 445 523 522 483 611 232 675 712 257 474 250 443 94 456 235 200 533 677 195 361 355 450 510 333 224 690 329 109 315 412 511 199 192 480 374 491 501 255 516 464 479 528 640 239 242 320 132 404 538 524 380 377
194 672 424 580 664 496 568 500 915 205 466 631 168 264 235 240 211 152 661 167 544 458 286 542 203 159 600 650 283 465 579 706 362 620 710 189 654 290 500 439 748 238 773 358 709 580 957 418 0 334 530 468 661 482 517 231 286 412 356 705 405 860 96 417 340 259 546 837 417 663 548 279 528 534 259 408 501 569 588 462 869 375 722 426 504 666 258 670 553 294 616 484 366 503 216 91 322 456 596 414 279 396 291 193 487 656 728 647 250 667 373 312 725 399 690 536 420 839 368 145 654 660 217 745 531 447 242 656 667 606 457 680 686 589 868 496 534 551 717 680 704 712 215 99 902 335 767 689 446 742 663 192 402 666 748 349 860 219 379 647 263 303 748 144 79 620 595 640 678 741 358 288 823 307 430 234 793 46 510 577 423 888 317 726 116 741 348 323 362 549 628 745 116 797 796
166 705 338 706 803 204 335 195 685 130 394 703 458 598 561 133 360 363 638 197 343 499 68 282 538 445 572 724 125 414 635 699 32 480 603 386 331 305 566 636 460 572 526 35 411 322 699 175 334 0 204 433 378 668 647 532 286 173 213 787 412 613 318 127 115 532 473 640 83 792 352 305 508 406 268 280 307 242 663 204 673 203 781 105 170 528 589 619 668 204 457 407 407 441 318 400 29 297 707 400 363 61 574 144 621 690 688 325 367 361 160 213 548 264 381 397 312 554 75 215 521 529 310 827 244 249 207 322 686 298 310 434 811 401 593 228 212 495 790 562 585 548 361 324 693 551 655 740 122 803 805 252 298 401 617 196 615 115 53 401 565 32 532 223 392 375 270 377 795 431 66 370 566 342 98 119 655 288 328 353 381 689 502 645 423 777 67 66 147 291 563 698 451 523 512
370 853 481 884 982 92 232 67 671 331 532 865 662 793 746 335 561 526 767 373 412 666 269 166 734 619 705 886 262 557 795 830 187 565 692 589 230 490 734 832 404 768 513 173 346 341 654 281 530 204 0 581 345 861 829 705 471 175 271 949 578 588 495 126 277 736 597 661 127 968 423 415 651 511 387 419 393 157 828 149 692 245 934 104 57 607 788 737 845 308 533 541 584 575 456 585 227 413 881 560 555 149 736 337 805 839 805 226 495 167 206 387 596 292 302 497 451 488 163 419 604 612 509 987 256 229 402 140 829 245 428 438 985 466 537 135 165 624 948 649 668 605 561 500 698 752 736 893 83 956 985 453 331 388 689 353 593 314 152 263 737 230 550 401 594 245 66 374 967 341 220 560 535 440 107 323 719 485 279 253 535 702 700 745 605 921 183 208 207 321 680 811 647 477 453
