47
0 914 163 184 810 513 387 804 495 686 456 411 183 674 665 286 699 273 524 846 610 661 618 860 573 462 516 761 667 405 671 408 589 188 553 593 329 814 62 471 645 515 729 167 798 190 363
914 0 755 804 706 562 579 114 433 515 582 503 731 554 264 712 424 641 525 139 1039 255 775 556 829 484 1242 436 319 968 306 609 1211 757 599 500 658 674 946 445 271 847 377 1068 638 1020 550
163 755 0 180 682 364 228 647 332 536 307 256 56 529 513 224 541 115 370 683 576 501 513 713 484 299 580 604 503 458 530 315 617 57 413 439 182 681 210 311 485 436 568 312 661 283 210
184 804 180 0 852 521 374 690 427 687 465 315 139 686 542 109 675 218 519 760 747 565 691 864 664 417 698 742 608 279 530 236 759 236 577 586 351 848 174 387 549 616 694 345 825 373 273
810 706 682 852 0 338 486 682 522 219 390 627 712 194 686 842 301 642 354 567 473 580 221 175 297 487 797 271 441 1127 767 843 699 634 276 304 501 34 871 575 581 358 338 873 68 770 639
513 562 364 521 338 0 149 488 209 172 57 295 385 165 426 504 199 307 37 441 483 341 252 348 283 160 692 253 243 792 494 508 649 326 67 85 184 329 570 255 333 288 241 617 304 533 302
387 579 228 374 486 149 0 483 150 313 96 174 239 312 381 355 313 157 145 483 536 327 365 491 370 94 669 377 289 643 430 371 658 201 210 214 78 478 438 167 314 349 341 513 453 448 165
804 114 647 690 682 488 483 0 334 474 499 392 620 511 150 598 383 532 450 150 970 155 718 550 766 389 1152 413 256 856 199 495 1129 652 534 438 562 652 834 338 169 776 343 960 616 917 440
495 433 332 427 522 209 150 334 0 311 192 121 319 329 233 370 267 224 179 351 671 179 461 474 485 59 820 333 180 665 290 332 806 325 275 218 228 505 536 53 165 478 274 639 473 586 155
686 515 536 687 219 172 313 474 311 0 229 425 553 39 467 658 91 469 168 378 546 361 267 177 333 287 813 102 224 952 547 641 747 498 144 101 356 197 742 365 362 370 138 784 163 695 445
456 582 307 465 390 57 96 499 192 229 0 257 328 222 421 452 249 252 72 470 480 347 277 406 294 135 661 307 269 738 483 464 630 268 114 138 127 383 512 229 337 286 287 564 359 484 257
411 503 256 315 627 295 174 392 121 425 257 0 227 437 257 249 388 141 273 445 706 253 535 593 543 139 803 454 297 544 281 216 810 269 362 326 228 613 443 73 237 523 395 568 583 534 47
183 731 56 139 712 385 239 620 319 553 328 227 0 550 481 169 549 95 385 667 630 479 553 731 530 296 633 614 497 418 490 260 673 109 438 453 211 709 217 290 463 485 572 345 687 329 180
674 554 529 686 194 165 312 511 329 39 222 437 550 0 497 663 130 470 169 417 508 394 228 186 295 298 780 139 258 955 577 654 711 488 123 111 347 176 732 382 393 334 178 766 145 674 453
665 264 513 542 686 426 381 150 233 467 421 257 481 497 0 448 387 398 390 261 902 108 675 586 709 292 1047 436 247 708 83 346 1039 525 484 401 455 661 691 218 105 708 362 825 625 791 303
286 712 224 109 842 504 355 598 370 658 452 249 169 663 448 0 632 202 493 680 799 484 705 832 689 374 787 699 546 296 428 127 837 278 566 556 356 833 283 322 468 648 644 451 807 467 216
699 424 541 675 301 199 313 383 267 91 249 388 549 130 387 632 0 458 177 287 629 280 354 209 416 260 879 66 140 928 470 599 822 511 201 114 372 275 751 320 282 446 49 813 238 732 416
273 641 115 218 642 307 157 532 224 469 252 141 95 470 398 202 458 0 301 573 622 387 504 646 492 202 675 524 402 485 418 247 697 133 366 368 156 636 312 197 371 457 479 428 611 394 95
524 525 370 519 354 37 145 450 179 168 72 273 385 169 390 493 177 301 0 406 520 304 285 345 319 134 725 237 207 785 460 489 685 336 96 69 195 342 578 227 296 326 215 635 313 556 285
846 139 683 760 567 441 483 150 351 378 470 445 667 417 261 680 287 573 406 0 910 196 641 418 698 392 1131 297 200 958 332 596 1090 675 471 372 561 535 885 377 212 721 239 990 498 931 491
610 1039 576 747 473 483 536 970 671 546 480 706 630 508 902 799 629 622 520 910 0 823 282 630 213 611 345 647 720 1011 961 869 228 521 440 539 480 501 669 701 814 194 679 578 516 468 684
661 255 501 565 580 341 327 155 179 361 347 253 479 394 108 484 280 387 304 196 823 0 582 478 623 233 996 328 139 764 191 403 975 501 393 303 406 554 696 190 16 628 254 813 518 764 300
618 775 513 691 221 252 365 718 461 267 277 535 553 228 675 705 354 504 285 641 282 582 0 355 77 408 582 366 462 971 746 736 495 458 190 280 348 241 681 504 577 136 404 662 246 555 530
860 556 713 864 175 348 491 550 474 177 406 593 731 186 586 832 209 646 345 418 630 478 355 0 432 458 935 150 341 1127 669 807 850 674 309 278 532 141 918 528 483 485 223 951 116 857 617
573 829 484 664 297 283 370 766 485 333 294 543 530 295 709 689 416 492 319 698 213 623 77 432 0 429 504 435 512 942 775 733 419 428 231 329 336 318 635 523 616 64 466 601 324 492 532
462 484 299 417 487 160 94 389 59 287 135 139 296 298 292 374 260 202 134 392 611 233 408 458 429 0 763 326 204 669 349 356 747 284 227 187 173 473 508 95 220 420 277 599 443 539 158
516 1242 580 698 797 692 669 1152 820 813 661 803 633 780 1047 787 879 675 725 1131 345 996 582 935 504 763 0 915 930 904 1084 894 140 543 677 770 592 821 553 829 983 450 926 394 828 325 765
761 436 604 742 271 253 377 413 333 102 307 454 614 139 436 699 66 524 237 297 647 328 366 150 435 326 915 0 191 995 520 664 850 573 241 169 432 240 814 386 333 473 74 870 203 786 482
667 319 503 608 441 243 289 256 180 224 269 297 497 258 247 546 140 402 207 200 720 139 462 341 512 204 930 191 0 839 330 491 892 488 280 182 365 415 712 224 142 528 118 802 378 737 335
405 968 458 279 1127 792 643 856 665 952 738 544 418 955 708 296 928 485 785 958 1011 764 971 1127 942 669 904 995 839 0 665 362 991 514 851 850 628 1121 355 616 749 893 939 511 1097 585 512
671 306 530 530 767 494 430 199 290 547 483 281 490 577 83 428 470 418 460 332 961 191 746 669 775 349 1084 520 330 665 0 312 1086 550 555 477 499 743 690 262 187 769 446 836 707 812 323
408 609 315 236 843 508 371 495 332 641 464 216 260 654 346 127 599 247 489 596 869 403 736 807 733 356 894 664 491 362 312 0 932 361 574 543 398 830 409 278 388 702 600 575 799 582 207
589 1211 617 759 699 649 658 1129 806 747 630 810 673 711 1039 837 822 697 685 1090 228 975 495 850 419 747 140 850 892 991 1086 932 0 571 622 720 586 726 635 824 964 377 871 495 738 406 778
188 757 57 236 634 326 201 652 325 498 268 269 109 488 525 278 511 133 336 675 521 501 458 674 428 284 543 573 488 514 550 361 571 0 369 405 141 635 244 313 486 380 542 315 616 265 226
553 599 413 577 276 67 210 534 275 144 114 362 438 123 484 566 201 366 96 471 440 393 190 309 231 227 677 241 280 851 555 574 622 369 0 99 230 270 612 322 387 249 249 643 248 552 368
593 500 439 586 304 85 214 438 218 101 138 326 453 111 401 556 114 368 69 372 539 303 280 278 329 187 770 169 182 850 477 543 720 405 99 0 264 287 648 270 300 348 157 701 256 619 344
329 658 182 351 501 184 78 562 228 356 127 228 211 347 455 356 372 156 195 561 480 406 348 532 336 173 592 432 365 628 499 398 586 141 230 264 0 499 385 238 393 304 406 443 479 372 204
814 674 681 848 34 329 478 652 505 197 383 613 709 176 661 833 275 636 342 535 501 554 241 141 318 473 821 240 415 1121 743 830 726 635 270 287 499 0 874 558 556 377 309 883 36 781 627
62 946 210 174 871 570 438 834 536 742 512 443 217 732 691 283 751 312 578 885 669 696 681 918 635 508 553 814 712 355 690 409 635 244 612 648 385 874 0 508 680 578 779 175 858 230 396
471 445 311 387 575 255 167 338 53 365 229 73 290 382 218 322 320 197 227 377 701 190 504 528 523 95 829 386 224 616 262 278 824 313 322 270 238 558 508 0 174 511 324 623 526 578 114
645 271 485 549 581 333 314 169 165 362 337 237 463 393 105 468 282 371 296 212 814 16 577 483 616 220 983 333 142 749 187 388 964 486 387 300 393 556 680 174 0 620 259 797 520 749 284
515 847 436 616 358 288 349 776 478 370 286 523 485 334 708 648 446 457 326 721 194 628 136 485 64 420 450 473 528 893 769 702 377 380 249 348 304 377 578 511 620 0 495 537 380 428 506
729 377 568 694 338 241 341 343 274 138 287 395 572 178 362 644 49 479 215 239 679 254 404 223 466 277 926 74 118 939 446 600 871 542 249 157 406 309 779 324 259 495 0 848 272 771 428
167 1068 312 345 873 617 513 960 639 784 564 568 345 766 825 451 813 428 635 990 578 813 662 951 601 599 394 870 802 511 836 575 495 315 643 701 443 883 175 623 797 537 848 0 873 111 522
798 638 661 825 68 304 453 616 473 163 359 583 687 145 625 807 238 611 313 498 516 518 246 116 324 443 828 203 378 1097 707 799 738 616 248 256 479 36 858 526 520 380 272 873 0 773 598
190 1020 283 373 770 533 448 917 586 695 484 534 329 674 791 467 732 394 556 931 468 764 555 857 492 539 325 786 737 585 812 582 406 265 552 619 372 781 230 578 749 428 771 111 773 0 489
363 550 210 273 639 302 165 440 155 445 257 47 180 453 303 216 416 95 285 491 684 300 530 617 532 158 765 482 335 512 323 207 778 226 368 344 204 627 396 114 284 506 428 522 598 489 0
