203
0 566 1054 358 710 609 606 341 592 768 630 617 206 1015 1066 1067 926 541 782 608 220 881 886 845 695 844 988 638 592 1085 397 899 807 650 881 722 347 871 240 786 1159 201 656 1302 397 600 163 100 1083 902 796 660 480 1001 798 45 1062 482 848 422 823 406 789 738 780 371 330 604 495 186 804 252 993 106 752 910 531 745 685 666 502 822 442 143 413 382 425 534 666 717 336 210 464 1004 161 1079 987 667 594 548 759 1041 1005 631 1212 430 1073 1181 821 267 864 906 195 759 902 1122 1000 853 452 614 657 621 825 1080 979 538 923 241 1180 1062 563 494 728 981 364 1067 725 87 1116 830 526 950 776 472 1104 656 904 155 899 804 930 345 555 785 1135 894 739 671 195 649 1022 510 472 900 852 723 739 549 461 861 989 475 1013 677 1047 740 656 795 888 877 135 703 428 75 822 1011 474 268 209 552 380 1140 970 420 749 944 374 455 830 1262 512 331 959
566 0 575 211 422 133 57 229 93 236 210 148 363 562 577 560 949 633 222 166 346 653 628 690 251 429 607 200 389 772 469 381 676 612 317 535 620 408 345 230 823 366 94 891 177 713 597 482 683 402 355 477 565 640 240 545 612 636 911 606 256 311 337 590 391 583 237 479 74 457 881 532 597 470 722 641 329 791 127 369 645 272 191 443 249 590 198 535 260 625 507 513 372 467 416 799 438 754 369 608 264 513 533 392 767 136 629 813 273 304 298 497 517 795 335 655 511 616 120 99 110 487 550 648 709 158 883 517 764 717 366 519 833 581 652 805 509 527 749 696 388 483 260 644 634 652 361 429 335 452 717 378 589 218 697 951 783 111 391 515 524 405 230 339 761 720 685 304 587 951 738 139 486 825 762 447 168 228 794 855 441 136 176 513 453 692 569 328 448 701 593 811 778 356 445 487 302 184 734 830 121 392 540
1054 575 0 755 402 657 518 734 500 592 427 666 855 66 26 78 874 790 392 692 851 452 408 553 362 224 210 422 514 374 748 204 579 663 466 496 924 183 886 526 370 864 492 338 683 837 1011 997 195 174 257 507 767 249 377 1050 75 842 891 855 454 656 265 542 289 869 770 571 642 886 887 899 181 948 704 393 546 809 542 420 837 335 766 911 641 868 772 691 388 611 823 909 629 189 939 433 243 831 500 756 314 150 49 473 199 681 94 322 330 838 425 186 920 803 415 81 65 435 683 618 572 560 382 125 408 721 769 894 225 298 531 711 888 175 948 461 463 1045 281 580 580 104 626 859 60 708 575 954 359 301 489 733 728 449 145 909 803 542 925 558 67 606 581 336 653 730 667 518 805 943 445 595 152 923 408 383 420 450 664 773 958 484 636 983 275 331 776 786 866 864 873 372 539 661 370 112 683 759 636 267 694 751 147
358 211 755 0 501 257 257 67 258 412 336 268 165 730 761 752 931 564 432 264 142 723 710 730 398 574 744 337 417 884 379 575 704 594 522 576 484 576 135 427 947 164 304 1047 82 645 414 271 830 588 509 509 489 769 450 335 780 544 876 499 465 248 496 618 519 462 31 483 138 281 838 378 740 269 711 728 342 754 326 446 558 479 116 249 196 472 101 490 385 632 385 347 335 670 205 898 646 699 405 549 442 713 709 440 936 77 795 950 479 93 508 642 346 763 545 831 694 687 94 257 298 497 634 809 800 199 887 360 920 841 386 461 777 726 515 897 561 315 884 727 381 655 424 546 811 624 548 217 546 566 784 272 537 428 862 919 747 313 180 528 711 384 231 550 778 698 681 336 498 907 822 166 686 753 862 531 335 438 815 850 230 347 139 312 576 804 490 163 279 618 473 931 838 296 534 655 216 126 752 995 161 279 692
710 422 402 501 0 553 381 451 331 594 215 568 536 344 422 448 572 391 412 588 542 231 211 274 205 181 280 229 121 387 355 355 271 281 563 133 525 251 602 547 455 547 399 593 419 447 634 677 376 323 194 111 365 291 413 717 381 440 559 454 510 305 207 193 124 470 500 170 450 527 541 516 289 607 357 227 180 453 486 55 436 395 569 568 321 468 565 289 172 252 432 534 249 457 631 397 478 453 115 357 268 466 354 80 517 450 386 471 388 555 517 219 546 451 538 448 371 194 472 515 497 160 133 385 299 575 487 514 474 354 147 309 521 280 548 396 98 723 406 287 190 306 629 458 434 328 665 647 490 103 295 366 329 474 440 589 446 475 630 165 401 214 271 472 359 371 317 169 403 607 323 342 442 543 361 31 279 483 388 469 643 438 361 635 127 308 374 457 505 467 473 438 355 290 39 292 341 568 334 559 530 382 270
609 133 657 257 553 0 173 303 221 159 338 15 423 654 654 628 1081 756 269 36 399 783 756 822 370 541 718 326 522 890 585 453 810 743 296 668 722 507 371 192 936 421 173 986 264 838 671 515 787 484 465 610 686 754 286 580 704 753 1042 718 252 428 445 723 510 690 288 611 147 535 1010 625 705 526 854 767 460 921 118 501 764 327 171 506 365 699 187 662 386 758 613 598 498 519 448 921 479 881 502 733 363 569 621 525 855 207 723 921 330 342 297 607 599 926 333 739 591 746 172 40 85 620 678 745 834 81 1017 608 861 831 498 643 960 689 754 929 641 553 858 829 518 575 167 760 717 783 296 458 354 575 847 486 715 229 789 1082 913 115 417 648 598 534 356 367 894 851 818 436 705 1081 864 260 545 949 884 576 285 235 928 988 475 173 286 568 573 812 689 410 530 822 701 925 908 477 574 582 412 159 867 921 97 498 644
606 57 518 257 381 173 0 264 52 238 165 188 400 505 520 504 923 623 176 209 385 610 583 652 198 375 552 152 361 720 470 324 642 589 290 500 630 351 393 217 769 404 51 834 209 702 624 526 627 345 300 445 559 586 192 588 555 633 889 608 227 313 281 556 339 589 281 454 127 483 861 550 541 506 696 594 309 770 122 330 640 221 248 477 256 596 254 522 213 597 515 535 363 414 461 749 388 739 340 597 207 458 476 359 710 181 572 758 221 350 264 442 540 774 301 598 453 573 171 134 121 461 505 591 661 212 853 536 707 663 342 509 817 526 662 757 471 572 694 661 370 426 268 642 576 632 350 474 292 403 674 387 575 185 640 928 762 107 438 487 467 390 223 294 728 697 658 280 584 932 691 148 432 814 712 403 114 196 760 826 485 105 193 548 402 641 564 356 472 695 599 757 735 355 400 430 311 241 701 773 178 403 484
341 229 734 67 451 303 264 0 252 451 308 316 135 704 743 738 864 496 440 316 122 667 657 669 373 541 705 312 359 838 311 564 643 528 546 518 423 552 154 457 903 140 315 1014 55 578 371 267 795 572 482 450 422 728 456 326 753 477 808 433 485 182 470 557 483 398 52 420 165 232 771 322 704 242 645 676 284 687 353 397 491 481 182 214 135 408 168 423 353 568 321 294 270 665 205 848 646 631 350 481 427 705 687 386 908 98 767 910 480 106 526 608 295 696 563 808 675 633 131 295 330 435 583 779 749 256 821 304 887 798 328 393 709 690 455 845 505 314 844 666 318 632 467 480 788 558 583 220 557 524 728 205 470 446 832 852 679 339 191 466 695 319 179 558 715 631 616 283 431 840 769 140 678 685 812 482 321 456 751 784 226 364 98 284 536 758 423 106 227 551 409 887 781 229 486 630 149 190 688 964 212 212 659
592 93 500 258 331 221 52 252 0 288 117 237 386 480 504 493 871 575 195 257 374 561 536 602 159 339 516 106 309 679 427 316 590 537 325 448 591 325 393 262 731 391 91 806 197 653 598 519 595 330 267 393 512 549 209 578 530 587 838 564 262 272 250 505 298 548 277 403 144 458 810 517 507 490 644 547 258 719 172 279 594 230 272 458 219 554 275 472 167 544 476 505 316 414 455 706 394 688 288 548 185 455 455 307 686 183 547 723 228 347 294 408 511 722 330 578 437 524 184 183 173 409 457 564 615 251 801 504 679 625 290 461 767 492 623 712 420 565 659 610 319 403 319 597 557 580 395 469 313 359 625 349 526 219 614 876 711 158 436 435 453 340 179 311 676 645 606 228 538 880 645 120 428 764 668 355 80 230 709 774 477 146 167 531 360 599 517 333 444 647 557 719 686 311 352 405 274 267 650 748 211 366 452
768 236 592 412 594 159 238 451 288 0 386 154 577 605 584 548 1154 862 211 171 555 812 779 869 391 532 698 369 595 881 704 391 864 825 156 722 856 477 530 66 915 576 201 930 404 941 822 674 751 431 458 673 797 739 221 739 651 869 1125 841 139 546 437 781 520 819 443 689 286 683 1098 766 679 681 929 785 547 1007 116 550 878 262 331 660 485 826 347 761 422 827 743 743 602 426 608 921 377 977 573 836 350 477 565 587 791 352 671 888 268 500 178 588 746 1010 204 673 528 776 321 156 125 694 704 698 844 237 1079 750 812 814 578 748 1056 664 888 935 691 713 831 881 608 529 36 878 652 868 136 617 245 588 875 614 814 145 735 1162 999 131 577 719 528 628 460 264 952 932 890 517 820 1168 879 375 458 1053 885 612 316 143 982 1056 634 156 412 725 579 807 801 555 676 933 829 907 937 590 605 541 538 318 925 860 255 628 616
630 210 427 336 215 338 165 308 117 386 0 353 428 396 437 437 768 504 232 374 424 444 418 488 65 237 411 18 214 566 384 276 480 444 384 338 560 244 461 346 621 437 186 711 259 578 604 570 495 273 173 287 450 440 240 623 445 528 742 517 323 250 162 396 187 511 347 308 250 470 717 505 405 523 544 430 183 626 273 166 532 240 376 487 220 515 376 397 51 441 447 504 261 385 512 590 381 605 191 474 136 417 379 202 600 269 459 618 235 413 343 306 514 628 372 500 370 407 282 299 282 311 340 472 499 367 693 496 584 515 202 394 681 390 590 596 307 618 553 498 243 324 419 541 480 489 473 527 338 244 508 332 449 282 525 778 618 262 499 334 392 268 161 328 567 549 505 149 481 787 528 170 389 686 553 238 71 293 598 670 530 230 209 561 248 486 457 361 453 580 518 608 569 273 235 321 268 373 540 658 324 350 355
617 148 666 268 568 15 188 316 237 154 353 0 433 665 663 636 1097 772 277 25 410 798 771 838 384 554 731 341 538 904 600 462 825 759 295 684 736 519 378 192 949 431 185 996 278 853 682 522 798 494 478 626 701 767 293 587 714 768 1058 733 254 443 458 739 524 705 299 627 162 547 1026 638 717 535 870 782 476 936 125 516 779 335 177 517 380 713 194 678 401 774 627 611 513 525 456 935 484 897 518 749 375 575 631 541 864 220 733 933 338 351 300 619 611 942 334 748 600 761 185 54 93 635 693 756 848 83 1032 621 872 844 514 659 976 701 768 944 656 560 871 845 534 586 158 775 726 798 290 465 358 589 862 501 731 234 800 1098 929 124 424 664 607 549 372 372 910 867 834 452 720 1097 879 276 552 964 898 591 299 239 943 1004 483 182 301 578 587 825 705 422 543 837 715 938 923 492 589 593 427 164 883 931 107 513 657
206 363 855 165 536 423 400 135 386 577 428 433 0 820 865 864 862 476 576 428 28 732 729 716 494 651 806 435 426 921 295 694 683 545 680 575 348 672 107 589 991 13 451 1118 190 552 249 143 899 699 599 508 403 823 592 195 867 438 797 384 620 232 590 604 589 339 134 463 295 126 755 235 808 106 659 751 357 680 486 486 456 616 270 83 219 350 253 429 468 599 270 195 310 797 97 924 780 613 423 470 555 836 807 461 1021 228 880 1005 614 93 661 716 191 691 699 926 799 700 256 421 460 480 661 889 823 361 836 216 994 890 395 392 686 795 377 916 570 191 940 707 370 751 589 436 906 564 712 113 693 621 788 201 466 581 944 842 673 471 107 511 820 360 277 694 744 637 636 367 400 821 838 269 808 651 889 567 450 592 781 794 107 500 223 149 637 843 400 78 133 515 350 973 835 262 574 747 195 282 719 1074 326 196 769
1015 562 66 730 344 654 505 704 480 605 396 665 820 0 92 139 807 729 398 690 818 386 341 486 332 173 146 393 461 319 696 215 513 600 491 432 869 154 857 540 326 829 484 331 655 774 964 963 151 174 222 447 709 188 385 1014 50 783 825 798 471 613 234 478 239 814 743 512 625 843 821 850 117 909 638 326 498 744 543 367 777 343 751 872 603 813 755 632 352 546 772 862 579 232 907 376 283 767 448 695 297 202 45 419 206 659 68 286 338 809 447 125 874 737 442 107 90 368 664 614 572 500 316 92 344 713 703 846 207 243 479 653 823 109 893 403 401 1011 237 514 527 79 641 800 90 644 602 922 385 242 423 687 667 460 135 843 738 542 895 496 111 553 543 361 587 665 602 472 747 877 382 566 196 858 349 324 400 462 597 706 925 484 605 943 217 270 719 748 822 802 817 324 475 614 311 75 642 745 570 268 683 705 81
1066 577 26 761 422 654 520 743 504 584 437 663 865 92 0 53 900 811 387 689 861 478 434 579 371 242 236 431 533 399 766 201 605 687 453 519 942 195 893 517 393 874 491 349 691 860 1026 1007 219 175 270 529 788 276 372 1061 99 863 917 875 445 670 276 567 307 887 777 592 645 899 912 915 207 960 729 419 562 834 538 438 858 329 768 923 653 887 775 712 400 635 840 924 646 172 948 458 227 855 518 778 319 130 68 493 207 687 117 342 325 845 413 209 935 828 401 90 67 460 687 616 569 581 406 147 434 720 795 910 242 323 549 731 913 201 967 487 487 1055 304 606 598 119 617 880 69 731 561 963 347 323 515 748 750 442 162 935 828 539 933 580 56 625 593 324 679 755 692 534 825 969 471 603 134 947 433 405 426 442 690 798 967 481 645 996 297 357 797 797 880 886 892 395 565 677 392 130 696 761 662 276 695 766 172
1067 560 78 752 448 628 504 738 493 548 437 636 864 139 53 0 944 840 359 662 858 523 478 622 372 267 286 429 554 452 783 179 646 720 411 554 961 206 886 481 446 872 471 394 685 892 1035 1004 272 165 281 558 812 326 343 1060 152 888 958 897 408 679 282 603 328 907 770 618 631 906 952 928 257 961 768 465 576 873 511 458 884 301 751 925 657 907 759 738 405 672 856 934 661 126 944 511 180 890 537 806 311 79 104 514 250 676 170 395 298 839 374 245 944 867 359 136 77 503 674 591 543 609 446 201 484 697 841 921 292 376 567 754 950 249 987 539 520 1052 358 649 616 142 580 905 118 765 516 959 306 353 563 758 778 409 213 978 866 513 927 610 47 643 597 284 723 792 730 546 849 1011 521 598 90 981 486 434 418 408 735 843 964 455 642 999 327 408 821 799 887 915 911 448 614 689 421 157 702 743 705 319 676 776 215
926 949 874 931 572 1081 923 864 871 1154 768 1097 862 807 900 944 0 389 983 1112 885 421 466 323 774 712 667 785 561 571 567 910 307 340 1135 438 582 792 966 1113 639 875 953 849 863 325 773 957 726 870 756 481 460 635 985 959 815 443 87 503 1081 683 773 378 681 555 913 469 948 768 130 674 695 864 226 481 621 183 1040 608 424 966 1036 836 741 543 1025 440 737 327 602 719 598 997 949 515 1030 258 582 392 840 990 840 566 871 917 806 704 960 933 1089 705 733 171 1109 875 876 442 950 1048 1044 462 507 785 481 1078 108 689 794 622 583 473 207 699 573 481 473 988 678 299 565 815 1187 454 873 306 1235 961 1060 622 389 668 397 1044 820 57 189 1027 968 436 906 554 730 1042 223 233 264 645 469 115 451 827 973 271 515 564 839 1053 210 103 944 999 816 863 644 565 463 799 749 375 546 619 353 634 574 796 714 1041 244 868 1029 669 729
541 633 790 564 391 756 623 496 575 862 504 772 476 729 811 840 389 0 737 781 500 428 454 353 539 573 632 522 301 649 186 735 309 148 887 303 213 641 582 837 729 489 666 917 509 81 397 567 723 709 576 282 75 623 744 572 759 71 320 124 825 329 585 278 514 173 543 221 612 378 279 288 651 475 218 480 321 206 746 390 55 740 677 446 392 162 664 108 495 223 212 332 260 842 560 621 856 137 323 33 620 855 743 333 875 566 761 773 735 553 847 604 346 219 876 827 762 416 602 730 740 230 430 753 532 735 382 301 817 657 303 113 213 646 218 598 330 600 719 329 261 697 890 89 816 129 969 572 840 488 455 292 61 783 804 366 200 731 580 232 793 236 403 827 327 185 216 355 80 345 527 496 831 192 597 406 573 794 360 336 555 719 472 476 514 594 75 418 359 77 166 708 475 280 419 683 352 684 310 903 686 289 650
782 222 392 432 412 269 176 440 195 211 232 277 576 398 387 359 983 737 0 302 561 615 579 682 209 323 487 214 443 671 608 187 682 671 153 545 779 266 568 149 704 580 128 727 385 810 793 702 541 223 252 506 681 528 17 764 445 759 965 744 98 460 231 605 319 733 456 537 297 653 943 710 468 681 764 582 415 852 151 377 763 58 404 651 412 738 415 629 250 659 664 700 489 251 636 712 217 835 421 706 148 300 360 424 591 356 465 678 62 525 110 378 706 853 140 474 326 580 343 233 184 538 508 490 639 340 899 698 606 603 435 626 911 452 810 727 510 747 620 697 476 320 247 771 452 717 253 650 118 388 676 540 681 67 530 998 844 154 613 557 331 500 365 118 771 773 724 381 711 1011 674 314 276 918 677 424 164 73 798 882 661 97 362 723 376 598 688 527 639 812 742 696 738 493 415 331 467 395 746 659 325 557 404
608 166 692 264 588 36 209 316 257 171 374 25 428 690 689 662 1112 781 302 0 404 818 792 857 407 578 755 362 554 927 607 488 843 773 317 702 738 544 368 213 973 426 209 1022 282 863 678 511 823 519 502 643 710 791 319 576 740 776 1071 739 278 452 482 756 547 709 295 642 169 545 1038 638 742 529 885 803 491 949 151 536 787 360 165 512 389 718 183 689 422 790 631 610 525 551 446 958 509 908 535 759 400 601 656 558 890 223 759 957 364 344 323 644 610 955 357 774 626 781 187 77 119 651 714 781 870 69 1049 621 897 868 529 669 987 726 770 966 675 547 895 863 548 611 170 782 752 812 305 454 383 612 882 506 742 259 825 1111 941 149 413 680 633 562 384 397 927 881 849 468 727 1109 901 287 578 974 921 612 322 264 961 1019 473 207 309 571 610 849 713 422 542 845 720 962 943 501 609 619 434 152 900 956 104 517 681
220 346 851 142 542 399 385 122 374 555 424 410 28 818 861 858 885 500 561 404 0 743 739 731 489 651 809 430 436 928 317 686 699 564 662 587 376 668 82 569 998 21 435 1121 177 576 275 146 901 692 596 520 426 828 578 203 866 464 820 410 603 242 586 618 590 366 112 478 276 154 779 263 810 126 679 760 365 703 466 491 481 603 244 108 222 377 227 449 465 616 296 223 323 788 90 933 769 637 432 492 548 827 803 469 1020 210 879 1010 602 65 644 717 219 714 682 923 794 711 235 399 440 494 669 889 832 336 856 244 995 895 404 413 711 797 405 926 580 194 945 723 382 748 566 462 904 585 691 105 678 625 800 220 488 564 944 865 696 452 90 525 815 374 279 680 762 658 655 373 425 845 849 260 799 676 898 573 442 575 799 815 106 483 215 169 639 850 424 91 161 540 377 980 849 276 580 745 204 256 737 1074 303 216 769
881 653 452 723 231 783 610 667 561 812 444 798 732 386 478 523 421 428 615 818 743 0 44 103 422 307 248 457 309 220 488 505 138 279 758 158 622 385 812 760 301 745 624 493 641 444 774 866 320 462 366 223 443 221 612 896 395 497 441 535 712 501 386 153 295 570 719 276 681 694 442 652 275 786 270 62 383 374 709 286 484 585 798 748 533 564 793 367 397 206 561 682 423 582 830 200 620 416 317 399 467 571 419 282 473 677 389 346 578 766 710 287 697 365 724 458 456 36 702 744 723 259 107 370 104 807 318 656 404 234 341 404 457 278 636 186 163 910 297 132 362 396 848 515 455 310 867 845 670 227 64 540 376 681 412 457 370 700 834 233 485 374 491 649 201 303 241 386 479 494 108 571 555 504 171 206 503 689 212 320 837 657 584 806 243 170 453 654 672 486 568 280 125 470 209 378 539 798 187 488 761 552 308
886 628 408 710 211 756 583 657 536 779 418 771 729 341 434 478 466 454 579 792 739 44 0 146 391 266 205 430 302 202 499 463 178 306 720 166 641 343 804 725 281 742 594 463 628 476 786 866 281 420 328 225 463 181 575 899 352 521 485 555 676 497 348 175 259 587 708 284 661 699 484 663 232 788 309 26 375 414 678 266 509 546 780 750 524 582 776 385 370 236 573 691 423 538 826 194 577 452 308 423 431 527 374 271 435 661 346 319 539 758 672 243 705 405 684 415 411 38 683 717 694 267 78 328 93 784 362 666 368 203 334 419 496 234 656 188 160 911 265 174 361 352 815 539 411 340 829 842 630 191 97 542 399 646 371 501 409 669 829 244 440 376 478 608 245 341 277 374 499 537 112 553 511 541 161 183 474 653 256 364 835 625 570 810 204 140 472 651 676 516 587 260 159 470 183 333 534 779 230 454 739 555 263
845 690 553 730 274 822 652 669 602 869 488 838 716 486 579 622 323 353 682 857 731 103 146 0 478 391 351 503 314 305 447 590 44 207 830 156 560 471 804 821 385 729 673 586 651 357 725 842 423 549 441 221 383 324 681 865 498 425 339 469 780 492 459 112 367 510 721 252 708 661 339 605 378 757 171 165 388 273 761 322 409 657 816 720 534 502 810 314 447 133 514 639 407 674 812 270 708 321 329 329 534 666 518 300 575 694 492 437 650 762 782 381 654 263 799 561 553 119 722 785 771 236 184 474 192 837 224 611 504 332 344 353 356 380 569 245 181 883 394 30 352 491 904 443 557 227 935 828 747 304 103 516 310 745 515 356 269 750 821 205 582 356 502 727 100 207 147 399 415 391 178 590 649 406 250 258 553 754 118 220 817 712 596 772 324 269 391 640 639 403 507 363 125 454 266 473 529 818 84 587 789 525 407
695 251 362 398 205 370 198 373 159 391 65 384 494 332 371 372 774 539 209 407 489 422 391 478 0 180 357 61 239 522 435 215 476 463 362 336 613 179 525 342 572 502 203 651 323 609 666 635 437 209 111 297 491 389 213 689 381 570 755 563 306 310 97 396 140 562 410 330 302 534 733 564 349 589 554 399 227 643 287 167 572 202 429 553 284 565 431 431 44 449 501 566 310 326 577 551 327 630 217 507 81 354 314 216 537 328 396 564 196 477 318 249 575 644 342 435 305 386 337 329 303 330 315 411 464 409 692 556 524 465 236 434 704 333 642 559 303 683 499 492 282 259 426 584 415 509 461 592 301 205 485 391 481 269 463 788 635 278 564 348 327 309 225 288 564 563 514 193 524 802 496 234 327 715 514 220 84 278 593 673 596 235 274 626 203 442 498 426 516 616 569 560 547 328 214 257 331 425 538 596 371 410 295
844 429 224 574 181 541 375 541 339 532 237 554 651 173 242 267 712 573 323 578 651 307 266 391 180 0 177 239 290 351 524 198 405 456 456 294 700 79 696 472 395 661 369 473 495 626 790 795 257 158 76 291 545 212 317 843 217 622 714 632 416 440 96 348 66 645 583 351 483 670 702 677 168 738 516 264 324 618 444 196 617 284 610 700 433 644 612 471 188 415 599 688 406 286 741 389 317 628 276 539 182 288 174 250 369 507 229 384 277 647 408 68 700 614 419 280 189 277 517 500 466 342 207 238 316 587 616 672 346 289 307 488 692 153 724 404 258 843 319 414 356 125 568 638 264 503 567 756 364 92 363 513 511 391 292 739 611 438 731 344 220 382 373 342 490 536 477 299 583 765 352 407 266 719 353 168 261 397 510 609 757 386 442 771 68 275 555 578 649 648 649 384 424 440 155 112 469 606 468 423 550 531 118
988 607 210 744 280 718 552 705 516 698 411 731 806 146 236 286 667 632 487 755 809 248 205 351 357 177 0 414 402 186 632 325 382 492 604 328 796 220 860 636 218 817 545 314 663 667 914 949 96 279 253 361 625 43 478 992 147 692 690 717 573 581 272 362 224 740 750 428 659 806 690 795 29 884 512 186 456 618 618 322 684 440 786 845 586 737 787 545 360 429 710 814 529 370 899 236 417 650 395 599 356 347 187 360 244 680 140 207 433 811 557 111 827 610 559 210 230 237 692 677 642 413 202 124 198 765 561 793 194 116 427 573 699 39 816 260 303 996 142 380 470 187 734 711 206 532 717 915 502 184 279 645 572 554 172 705 613 613 893 402 255 493 530 478 449 542 478 439 663 742 235 577 337 741 206 252 439 558 457 567 913 559 608 913 169 125 634 729 784 700 742 209 328 570 241 169 615 782 435 279 728 662 87
638 200 422 337 229 326 152 312 106 369 18 341 435 393 431 429 785 522 214 362 430 457 430 503 61 239 414 0 232 573 400 264 495 462 366 354 576 240 464 328 627 443 170 711 262 596 616 576 497 264 172 304 467 445 222 630 442 546 760 533 305 264 159 412 193 527 349 326 244 481 735 519 407 532 561 441 201 644 257 181 549 223 371 497 230 531 372 415 60 458 462 517 278 373 517 599 367 623 209 492 124 406 374 219 598 268 457 622 219 416 325 308 526 646 354 496 364 420 278 286 267 329 352 472 509 358 709 510 584 520 220 412 699 392 606 605 323 624 557 513 261 319 403 559 475 507 455 532 321 252 521 346 467 264 524 795 636 246 503 351 385 286 173 311 583 566 522 166 498 804 539 173 378 705 562 251 53 275 614 686 536 213 214 570 254 493 474 369 464 597 535 614 582 288 248 318 280 368 557 657 317 364 356
592 389 514 417 121 522 361 359 309 595 214 538 426 461 533 554 561 301 443 554 436 309 302 314 239 290 402 232 0 495 235 434 293 230 596 159 409 348 503 559 568 439 394 714 337 369 512 564 498 412 279 93 260 410 449 601 499 339 529 343 537 194 285 205 226 354 411 94 397 407 503 394 411 491 334 324 74 412 480 95 338 442 502 452 224 353 495 193 196 236 312 412 127 543 524 497 555 392 22 269 319 560 465 42 638 380 506 589 436 457 554 338 425 415 580 566 477 275 408 488 483 99 235 507 396 527 494 392 596 470 31 202 467 401 434 490 145 610 525 315 68 414 627 354 551 275 687 539 541 223 368 246 242 496 562 567 404 467 526 125 506 93 187 527 374 336 297 87 296 573 413 277 535 476 462 150 285 507 409 466 533 442 282 516 246 420 269 348 385 378 358 549 421 171 160 402 231 504 347 681 479 261 390
1085 772 374 884 387 890 720 838 679 881 566 904 921 319 399 452 571 649 671 927 928 220 202 305 522 351 186 573 495 0 700 512 348 500 791 368 842 405 989 820 80 933 719 283 802 661 988 1060 183 466 427 425 663 143 662 1096 299 717 616 755 759 689 448 373 381 789 886 486 817 898 627 865 211 985 476 176 564 574 796 440 704 625 941 947 708 783 940 586 514 426 776 893 620 551 1017 62 600 627 497 620 534 521 364 459 305 828 283 134 619 942 744 293 907 562 746 340 409 238 845 850 818 469 260 254 116 931 463 868 226 75 526 621 657 225 856 96 360 1106 110 334 558 372 918 736 347 528 903 1033 689 322 203 739 597 738 269 619 571 790 1017 446 430 575 658 665 382 512 453 556 699 666 129 721 516 710 57 356 606 743 374 484 1028 738 745 1009 319 80 672 842 876 705 788 59 219 666 351 355 725 939 379 297 890 753 273
397 469 748 379 355 585 470 311 427 704 384 600 295 696 766 783 567 186 608 607 317 488 499 447 435 524 632 400 235 700 0 648 409 256 751 332 178 576 399 688 778 308 517 941 328 266 287 402 728 632 503 277 111 636 619 419 735 168 504 137 688 158 505 341 459 127 357 214 438 215 464 165 644 313 366 524 209 385 590 328 181 624 493 278 220 130 479 139 392 319 77 193 124 759 384 689 762 323 248 175 516 782 699 277 872 387 741 808 619 367 716 573 208 396 749 801 707 463 423 563 579 231 447 741 590 556 543 167 826 688 217 99 399 635 207 674 342 440 747 433 168 646 729 175 786 271 821 398 720 458 534 106 171 645 796 549 378 575 401 255 735 142 247 712 459 343 347 242 121 531 597 330 755 373 658 381 445 656 495 500 383 573 298 324 481 632 111 232 193 240 134 758 572 116 393 635 172 501 435 912 508 102 625
899 381 204 575 355 453 324 564 316 391 276 462 694 215 201 179 910 735 187 488 686 505 463 590 215 198 325 264 434 512 648 0 602 636 279 482 826 119 709 325 533 701 292 540 511 797 880 832 363 45 161 465 694 368 173 889 260 773 907 772 256 525 150 540 232 774 593 515 451 746 893 780 301 794 707 459 438 806 337 344 773 130 572 759 495 776 579 627 255 604 716 780 523 111 770 560 123 808 414 701 140 141 174 401 404 498 280 500 125 663 234 228 790 804 234 286 139 475 495 415 368 510 405 307 502 519 814 771 421 439 439 636 876 287 855 581 445 879 446 611 488 142 426 789 264 683 392 784 176 287 559 607 674 246 344 934 799 338 752 520 145 516 437 153 688 724 667 405 730 957 540 425 113 897 528 352 244 247 708 806 791 280 471 833 265 446 703 632 729 812 781 529 619 543 340 157 544 564 665 471 496 625 238
807 676 579 704 271 810 642 643 590 864 480 825 683 513 605 646 307 309 682 843 699 138 178 44 476 405 382 495 293 348 409 602 0 164 833 142 516 485 774 818 428 696 666 628 627 313 684 806 459 563 449 201 340 359 683 828 528 380 312 426 781 463 466 87 374 467 695 222 690 624 308 564 408 720 131 200 365 236 753 314 365 662 795 684 508 459 787 273 442 91 474 600 377 691 779 314 723 280 310 285 537 686 542 284 612 672 523 479 655 732 786 402 614 227 805 593 575 145 702 773 762 207 201 506 234 820 216 571 543 372 322 313 318 409 525 290 173 847 434 24 324 512 898 398 587 182 936 794 754 315 147 482 266 745 549 334 231 742 789 176 605 325 479 735 88 165 104 380 371 364 222 571 668 366 294 259 547 754 118 203 782 707 573 734 337 308 349 607 601 359 464 407 167 422 269 493 500 797 63 626 772 490 432
650 612 663 594 281 743 589 528 537 825 444 759 545 600 687 720 340 148 671 773 564 279 306 207 463 456 492 462 230 500 256 636 164 0 824 167 352 531 643 790 581 558 624 770 525 175 521 659 580 605 475 170 176 479 676 675 626 218 300 261 766 346 487 131 405 303 579 135 608 472 273 403 513 569 117 332 282 182 709 298 204 664 697 535 401 295 686 117 421 75 315 441 259 738 638 473 759 172 252 121 538 745 619 246 734 577 626 625 658 606 780 477 456 185 805 694 643 268 610 711 710 133 290 615 383 738 293 412 672 510 247 157 242 510 361 451 200 697 572 186 225 578 857 236 684 47 917 652 762 367 307 344 102 726 665 339 174 696 652 116 674 213 390 747 202 108 90 309 207 343 379 487 722 262 449 288 515 736 239 255 638 673 476 579 392 447 184 474 450 209 299 559 331 298 301 562 379 701 179 758 688 348 519
881 317 466 522 563 296 290 546 325 156 384 295 680 491 453 411 1135 887 153 317 662 758 720 830 362 456 604 366 596 791 751 279 833 824 0 697 917 387 651 103 813 682 238 802 493 962 913 793 641 325 392 659 829 647 150 857 532 907 1118 888 63 598 372 757 464 874 551 690 385 772 1096 840 581 787 917 721 565 1005 196 530 912 173 463 760 544 880 477 780 403 812 802 825 635 285 726 837 232 988 573 857 296 335 447 578 660 452 553 778 180 615 48 501 830 1006 52 543 405 725 428 275 226 691 652 581 772 377 1050 826 691 719 587 776 1064 566 949 856 662 835 725 846 626 422 180 918 523 870 112 737 106 530 817 675 833 106 611 1151 998 209 698 710 399 650 504 129 921 926 877 531 858 1165 808 438 321 1071 803 573 313 95 947 1033 752 184 483 830 515 722 836 644 761 962 883 808 879 635 564 437 599 451 896 729 381 691 517
722 535 496 576 133 668 500 518 448 722 338 684 575 432 519 554 438 303 545 702 587 158 166 156 336 294 328 354 159 368 332 482 142 167 697 0 478 371 658 678 447 588 524 620 497 342 620 708 420 447 323 67 301 320 547 737 459 365 426 394 643 345 338 60 249 423 570 118 552 536 411 497 348 627 225 191 234 325 611 172 355 528 660 589 382 418 654 222 301 121 407 525 265 579 672 357 605 336 173 270 402 582 452 144 572 538 459 481 522 613 651 310 540 321 671 527 478 131 566 632 619 101 127 450 257 681 356 500 515 362 190 254 398 343 495 344 36 751 423 161 205 413 757 383 517 211 798 688 623 202 212 381 244 606 501 456 318 600 678 78 509 215 346 605 229 243 185 243 338 476 267 434 560 427 325 129 405 615 260 336 679 566 441 647 227 302 311 497 513 372 423 426 263 312 141 396 383 662 203 601 633 393 352
347 620 924 484 525 722 630 423 591 856 560 736 348 869 942 961 582 213 779 738 376 622 641 560 613 700 796 576 409 842 178 826 516 352 917 478 0 754 453 847 922 358 680 1097 457 258 190 396 891 811 682 434 179 795 791 385 907 144 502 90 854 319 684 469 635 55 456 367 576 224 457 114 810 306 432 667 388 405 745 504 164 798 601 289 374 59 585 256 571 426 115 158 303 937 409 821 940 324 424 232 694 961 874 450 1039 515 912 959 794 440 885 745 168 419 919 974 885 604 551 706 730 383 601 909 727 679 591 132 988 840 394 224 381 802 32 801 495 419 901 538 344 823 877 130 960 341 979 417 894 629 658 243 250 811 963 547 400 730 437 399 913 317 413 886 541 398 428 421 144 513 727 483 934 329 794 549 618 822 574 543 395 735 444 293 653 780 169 321 215 206 54 901 684 287 561 811 319 611 523 1075 635 227 796
871 408 183 576 251 507 351 552 325 477 244 519 672 154 195 206 792 641 266 544 668 385 343 471 179 79 220 240 348 405 576 119 485 531 387 371 754 0 704 415 437 680 335 482 502 698 831 814 279 78 75 363 608 262 257 866 204 686 793 692 353 475 81 427 126 700 589 419 470 704 781 722 202 764 594 339 369 696 401 253 683 219 597 727 458 701 601 536 204 493 649 729 454 208 756 450 237 703 331 607 145 214 135 310 361 504 221 415 213 656 340 114 740 692 347 255 132 356 509 467 427 411 286 239 386 562 696 715 356 337 360 550 768 186 780 468 335 862 354 493 410 79 514 702 235 577 500 771 290 171 439 553 579 333 289 819 689 398 743 417 159 437 398 268 570 614 555 340 645 844 422 413 191 794 416 243 245 337 590 688 775 342 454 800 148 335 617 602 684 717 705 430 499 483 230 79 500 591 548 422 530 571 139
240 345 886 135 602 371 393 154 393 530 461 378 107 857 893 886 966 582 568 368 82 812 804 804 525 696 860 464 503 989 399 709 774 643 651 658 453 704 0 553 1056 96 439 1169 202 658 334 143 950 721 635 590 508 882 585 209 906 546 902 492 596 312 623 692 638 447 116 552 271 229 861 339 859 173 759 825 429 784 455 549 563 615 202 171 281 458 185 530 507 693 378 298 397 806 78 997 781 719 496 574 575 848 839 533 1062 212 921 1064 614 48 640 763 291 795 677 960 825 778 226 379 425 567 732 933 897 298 936 321 1042 952 471 494 793 845 481 992 648 183 999 798 453 784 537 543 940 666 667 87 681 678 870 299 569 561 987 947 777 442 46 599 844 448 332 685 839 739 734 432 507 927 916 291 821 758 962 633 467 570 876 896 105 481 253 212 691 910 506 168 239 622 458 1039 920 351 638 783 274 215 814 1119 275 297 814
786 230 526 427 547 192 217 457 262 66 346 192 589 540 517 481 1113 837 149 213 569 760 725 821 342 472 636 328 559 820 688 325 818 790 103 678 847 415 553 0 852 590 171 864 407 914 827 696 686 366 400 633 774 677 158 761 585 849 1088 825 73 530 379 737 465 807 457 654 293 687 1063 762 616 695 890 729 517 972 104 506 856 197 361 670 473 813 375 733 377 787 732 744 579 360 629 862 312 947 537 809 294 411 499 547 725 360 606 823 203 519 114 527 747 974 145 607 462 724 334 174 129 657 652 632 787 273 1034 748 746 752 545 723 1025 601 878 877 645 737 767 834 579 465 100 859 585 834 133 640 180 534 821 603 786 82 669 1124 964 118 600 680 461 601 441 199 907 895 851 485 800 1133 822 363 392 1025 826 563 275 78 935 1013 655 117 405 738 523 747 780 558 678 909 816 845 884 572 555 477 527 349 881 793 280 619 552
1159 823 370 947 455 936 769 903 731 915 621 949 991 326 393 446 639 729 704 973 998 301 281 385 572 395 218 627 568 80 778 533 428 581 813 447 922 437 1056 852 0 1003 764 210 865 742 1066 1132 175 489 471 501 743 182 694 1169 295 798 688 835 787 760 491 453 434 868 950 564 872 973 702 943 235 1059 555 255 634 652 837 507 785 654 998 1020 776 863 998 666 569 507 854 970 694 556 1087 124 609 707 568 701 575 521 371 531 259 887 276 69 648 1008 767 330 984 639 766 321 416 318 903 895 860 547 334 245 197 981 532 946 181 106 598 700 734 251 937 158 437 1178 89 414 632 391 951 817 332 609 926 1103 708 380 282 814 677 770 243 689 649 832 1085 525 433 650 724 685 458 592 533 625 779 738 207 782 520 789 135 424 655 774 448 557 1099 778 809 1084 373 148 753 913 951 786 868 21 292 740 418 376 796 995 457 236 943 828 299
201 366 864 164 547 421 404 140 391 576 437 431 13 829 874 872 875 489 580 426 21 745 742 729 502 661 817 443 439 933 308 701 696 558 682 588 358 680 96 590 1003 0 454 1129 195 564 254 133 909 707 608 521 415 835 596 187 877 450 809 396 623 244 599 617 600 351 133 477 297 135 768 244 819 105 672 763 369 693 487 497 468 621 266 86 230 362 248 442 477 612 282 204 323 804 84 936 786 626 435 483 562 843 816 473 1030 230 890 1017 620 86 664 726 199 704 702 935 807 713 256 421 461 493 673 899 835 358 850 226 1004 901 407 406 699 806 387 929 582 181 951 720 382 760 588 448 916 578 712 100 697 632 801 215 479 584 954 855 686 473 93 524 828 374 288 698 757 651 649 379 413 833 851 276 815 663 901 578 457 594 794 808 96 502 230 148 648 855 413 91 143 527 362 985 848 275 585 757 207 278 732 1084 324 209 779
656 94 492 304 399 173 51 315 91 201 186 185 451 484 491 471 953 666 128 209 435 624 594 673 203 369 545 170 394 719 517 292 666 624 238 524 680 335 439 171 764 454 0 815 260 744 676 574 614 317 292 473 603 582 146 637 534 678 924 655 175 361 272 582 341 638 329 488 168 535 897 601 532 557 728 603 347 806 87 352 685 178 281 528 306 644 289 562 227 626 565 587 407 374 508 752 344 778 372 638 190 420 452 387 687 228 552 748 179 397 212 434 592 809 249 573 426 587 214 132 100 493 517 573 667 229 879 588 690 658 377 552 856 516 712 762 493 619 685 684 409 405 234 688 551 667 304 521 243 408 687 437 616 133 620 961 798 76 485 518 437 430 270 246 753 730 689 316 629 967 699 200 395 855 715 419 120 144 784 855 533 55 245 599 404 641 609 408 523 738 648 753 749 402 414 411 361 272 727 752 204 453 472
1302 891 338 1047 593 986 834 1014 806 930 711 996 1118 331 349 394 849 917 727 1022 1121 493 463 586 651 473 314 711 714 283 941 540 628 770 802 620 1097 482 1169 864 210 1129 815 0 969 937 1225 1262 219 503 540 665 921 304 713 1306 282 983 898 1014 793 895 556 639 531 1042 1057 731 951 1120 911 1105 310 1198 757 437 771 857 874 636 972 670 1078 1159 899 1038 1081 842 662 698 1018 1126 842 520 1211 334 574 908 709 886 627 472 366 673 143 979 263 148 665 1120 762 405 1139 845 751 259 402 501 988 946 903 715 496 242 394 1043 743 1105 127 260 741 873 940 323 1115 368 602 1309 197 616 782 410 964 1002 279 802 909 1226 696 498 486 959 861 786 196 899 854 873 1203 698 404 804 841 674 666 793 732 753 959 948 412 881 483 992 340 564 725 787 657 766 1226 815 916 1227 481 323 931 1042 1098 979 1043 230 501 884 554 404 929 1073 662 76 1012 975 355
397 177 683 82 419 264 209 55 197 404 259 278 190 655 691 685 863 509 385 282 177 641 628 651 323 495 663 262 337 802 328 511 627 525 493 497 457 502 202 407 865 195 260 969 0 590 420 321 751 520 433 430 435 688 401 381 704 497 813 457 432 181 421 541 439 427 87 408 119 280 777 361 661 296 641 646 263 691 303 363 509 426 172 267 123 436 162 426 306 558 349 338 265 611 259 816 591 640 325 490 374 651 637 359 860 59 719 869 425 154 472 563 341 699 509 758 624 606 95 251 281 421 552 732 718 228 815 345 842 760 307 400 719 646 489 815 480 368 804 650 306 582 423 501 738 558 535 273 502 485 703 225 476 392 785 856 683 288 242 452 643 311 150 503 703 630 610 255 449 847 740 89 623 700 780 449 267 403 739 779 280 311 57 338 495 722 437 151 272 568 438 850 758 231 452 580 156 177 677 918 180 235 614
600 713 837 645 447 838 702 578 653 941 578 853 552 774 860 892 325 81 810 863 576 444 476 357 609 626 667 596 369 661 266 797 313 175 962 342 258 698 658 914 742 564 744 937 590 0 448 635 754 770 637 335 155 653 817 634 801 118 249 178 901 411 647 304 571 230 623 282 693 447 205 350 688 543 196 501 397 147 825 454 99 811 758 516 474 218 745 181 565 240 283 395 340 903 633 627 920 66 392 105 688 913 793 397 908 648 801 791 805 631 921 651 409 162 949 869 815 439 684 811 820 287 465 790 545 817 336 365 844 679 375 194 134 685 252 601 373 664 741 329 336 750 970 128 859 135 1046 644 910 538 460 373 128 859 839 295 142 810 655 282 846 313 483 897 308 158 209 431 151 269 535 577 889 111 607 457 648 870 336 288 625 797 554 539 564 615 155 497 430 54 220 720 470 361 471 734 434 766 297 930 768 368 694
163 597 1011 414 634 671 624 371 598 822 604 682 249 964 1026 1035 773 397 793 678 275 774 786 725 666 790 914 616 512 988 287 880 684 521 913 620 190 831 334 827 1066 254 676 1225 420 448 0 233 1011 875 755 564 345 921 808 204 1007 332 693 273 851 356 753 625 724 224 383 502 536 141 648 122 924 161 614 811 466 594 723 599 352 825 520 167 387 234 503 411 630 593 212 102 386 989 268 975 982 515 520 409 740 1021 961 554 1150 469 1015 1095 822 340 888 846 91 609 925 1071 963 750 500 666 701 519 734 1018 877 611 778 120 1108 975 488 372 571 914 203 959 629 243 1033 707 444 906 836 319 1054 519 955 271 911 735 817 277 421 810 1073 738 589 709 303 542 988 421 443 909 719 582 605 492 319 702 882 478 993 518 945 662 647 821 754 731 247 729 431 129 756 919 338 269 153 397 230 1046 850 350 673 898 336 532 699 1194 575 259 899
100 482 997 271 677 515 526 267 519 674 570 522 143 963 1007 1004 957 567 702 511 146 866 866 842 635 795 949 576 564 1060 402 832 806 659 793 708 396 814 143 696 1132 133 574 1262 321 635 233 0 1042 839 741 642 499 966 719 65 1011 517 884 458 736 371 732 731 733 407 245 593 409 189 841 287 951 92 768 888 497 774 596 628 536 746 345 123 363 419 328 541 611 719 355 241 443 933 66 1061 912 700 563 568 694 973 949 601 1164 346 1024 1148 745 178 779 860 229 787 817 1069 940 835 365 522 567 610 800 1033 960 441 943 271 1137 1031 534 502 767 938 418 1051 705 48 1082 830 504 894 680 510 1049 671 811 56 817 764 920 327 570 700 1088 930 768 583 97 639 961 492 421 820 861 742 749 509 487 902 974 406 945 723 1026 708 588 710 898 899 41 619 362 105 780 984 495 219 210 591 417 1114 964 396 715 890 335 358 837 1217 418 316 912
1083 683 195 830 376 787 627 795 595 751 495 798 899 151 219 272 726 723 541 823 901 320 281 423 437 257 96 497 498 183 728 363 459 580 641 420 891 279 950 686 175 909 614 219 751 754 1011 1042 0 320 328 456 719 101 529 1087 120 785 758 811 619 676 345 449 312 836 839 523 739 902 762 891 91 978 590 258 552 695 681 417 776 488 866 940 679 832 869 639 445 515 806 910 625 381 991 244 433 733 491 690 423 346 196 456 154 764 101 137 482 901 597 188 923 686 593 158 240 317 775 746 707 508 293 71 245 839 618 890 97 110 524 668 777 104 911 276 397 1090 86 453 566 221 786 803 164 618 753 1007 536 279 337 741 664 605 93 769 690 677 984 495 257 589 622 512 517 622 559 534 757 810 277 664 344 822 225 348 515 608 519 631 1006 621 697 1008 262 161 728 823 880 790 837 176 376 666 337 209 709 862 506 183 804 758 142
