72
0 560 595 330 860 826 649 286 393 140 545 243 201 624 432 504 497 577 339 550 281 420 541 658 645 376 381 825 251 387 527 437 178 457 329 369 162 478 461 443 504 323 466 677 398 331 101 325 305 622 222 185 261 534 415 677 602 143 95 456 149 668 650 517 377 256 727 250 381 193 545 856
560 0 862 260 577 492 460 289 511 423 787 750 760 898 242 115 743 538 742 366 492 396 691 836 557 274 872 495 767 818 305 137 428 654 553 218 693 353 147 550 174 858 985 692 900 480 631 487 272 250 711 662 368 356 690 521 56 417 544 979 617 294 177 216 902 577 398 411 544 753 101 500
595 862 0 629 713 750 553 744 972 651 76 428 637 35 621 887 120 403 272 557 862 960 194 130 448 857 378 745 765 274 598 735 727 208 327 800 697 994 862 316 700 775 902 331 405 906 667 903 755 724 412 423 534 556 192 521 867 625 690 889 448 733 818 671 830 355 706 492 320 590 779 788
330 260 629 0 578 524 387 166 460 215 555 493 531 664 113 259 508 387 483 273 387 391 479 626 435 258 612 525 568 558 228 123 262 424 305 184 484 397 234 335 173 650 789 533 640 404 420 406 165 297 452 404 108 256 445 434 289 196 347 781 361 346 320 191 701 318 420 151 310 516 219 550
860 577 713 578 0 95 214 736 1026 783 652 905 1037 738 466 682 641 337 793 312 964 934 530 607 273 795 961 91 1112 858 350 557 840 572 599 715 1023 911 696 488 447 1178 1323 386 995 976 961 979 729 329 863 829 603 329 654 207 533 757 908 1313 807 282 407 407 1234 681 178 610 544 1006 483 115
826 492 750 524 95 0 208 674 960 736 684 896 1011 778 411 601 666 353 798 278 904 862 560 654 301 724 965 5 1076 867 301 487 787 589 593 646 989 835 619 493 377 1148 1292 436 999 912 925 917 666 251 853 815 565 293 668 229 446 712 865 1282 788 200 319 341 1203 670 105 579 543 984 404 38
649 460 553 387 214 208 0 552 846 579 484 694 823 583 283 546 462 150 590 114 773 767 360 471 118 627 758 205 900 659 169 398 642 382 388 547 811 756 549 285 296 964 1110 268 792 791 750 793 548 225 651 616 395 130 460 61 433 552 701 1099 593 208 330 251 1021 468 153 399 336 792 358 245
286 289 744 166 736 674 552 0 294 146 676 509 479 779 271 218 627 550 549 438 230 230 619 762 601 113 643 675 477 617 388 197 138 552 418 82 405 250 174 479 300 569 696 692 666 240 345 243 18 431 476 429 217 421 553 601 339 152 255 689 383 483 420 333 613 399 569 254 441 479 307 696
393 511 972 460 1026 960 846 294 0 324 913 631 496 1003 564 399 863 839 730 732 112 122 879 1014 892 239 766 961 416 781 681 472 246 802 664 314 394 193 363 749 582 507 586 974 778 65 370 68 298 710 614 579 490 715 782 895 567 352 301 585 540 762 677 619 526 617 855 515 701 523 568 978
140 423 651 215 783 736 579 146 324 0 590 367 337 684 327 363 540 539 427 471 220 314 556 690 600 243 503 736 355 488 436 307 78 478 340 229 274 360 320 431 387 440 576 662 524 258 210 256 164 513 337 292 187 454 460 618 467 29 131 568 246 562 527 407 489 296 633 200 379 333 418 763
545 787 76 555 652 684 484 676 913 590 0 404 608 111 545 813 50 333 245 483 805 895 124 123 383 788 379 680 733 268 523 660 667 133 258 730 659 926 789 240 624 751 884 280 409 847 624 844 686 649 381 384 463 481 131 455 791 563 638 871 402 660 743 595 808 295 635 423 245 562 703 722
243 750 428 493 905 896 694 509 631 367 404 0 209 449 564 717 368 577 159 623 520 664 455 527 648 611 137 894 340 167 624 616 420 374 306 589 282 721 677 422 650 347 480 623 156 571 271 565 527 744 43 89 391 611 299 701 782 357 330 467 132 780 799 647 403 225 810 354 362 162 710 932
201 760 637 531 1037 1011 823 479 496 337 608 209 0 658 630 697 568 730 365 733 396 562 644 731 800 554 310 1010 132 374 717 639 351 559 459 561 102 631 653 581 704 147 291 802 309 447 139 439 497 819 226 232 454 718 493 842 803 344 231 280 237 864 852 715 206 374 915 433 517 46 747 1044
624 898 35 664 738 778 583 779 1003 684 111 449 658 0 656 923 156 433 296 591 893 994 225 141 476 892 389 773 788 290 633 771 759 244 362 835 722 1028 898 351 736 794 918 354 414 938 694 935 790 757 436 450 569 589 226 549 903 658 719 905 476 766 853 706 848 387 736 527 355 611 815 816
432 242 621 113 466 411 283 271 564 327 545 564 630 656 0 289 503 313 524 169 497 484 449 595 348 344 670 411 676 600 117 128 376 412 321 265 591 477 280 307 87 755 896 466 701 511 526 514 266 189 522 475 178 153 454 336 248 306 458 887 436 236 235 85 808 361 306 210 305 610 161 436
504 115 887 259 682 601 546 218 399 363 813 717 697 923 289 0 767 602 733 442 391 282 730 877 631 170 846 603 687 806 381 160 350 681 564 135 620 238 44 585 250 781 901 756 871 374 562 381 199 352 680 632 362 429 704 606 170 364 470 896 586 401 291 294 821 571 503 406 568 696 198 611
497 743 120 508 641 666 462 627 863 540 50 368 568 156 503 767 0 312 210 451 755 845 112 164 368 739 357 662 691 246 487 615 617 91 208 681 615 877 742 202 583 713 848 284 389 797 578 795 637 615 342 341 414 447 82 439 750 513 590 835 356 629 706 556 770 246 611 373 199 523 662 704
577 538 403 387 337 353 150 550 839 539 333 577 730 433 313 602 312 0 457 177 751 778 209 327 70 644 625 350 822 521 234 442 611 237 273 568 735 782 593 155 363 876 1021 154 659 778 678 779 552 341 537 508 353 183 318 129 524 509 645 1010 493 339 444 322 934 359 302 340 216 693 439 392
339 742 272 483 793 798 590 549 730 427 245 159 365 296 524 733 210 457 0 540 618 740 305 368 525 660 168 795 493 76 555 605 495 231 213 621 426 786 699 305 612 506 639 478 202 666 400 662 564 683 140 156 375 530 150 586 764 406 435 626 190 711 755 598 562 165 722 331 256 319 683 835
550 366 557 273 312 278 114 438 732 471 483 623 733 591 169 442 451 177 540 0 660 653 366 499 190 514 703 276 801 614 61 288 530 362 328 434 713 645 441 252 194 870 1015 328 737 677 650 680 434 167 580 540 291 16 428 167 348 445 595 1005 511 178 267 150 926 399 186 301 285 705 265 311
281 492 862 387 964 904 773 230 112 220 805 520 396 893 497 391 755 751 618 660 0 170 776 909 809 221 656 905 333 668 614 425 143 698 560 277 296 244 349 652 530 428 527 881 668 51 263 45 240 661 502 467 398 643 674 818 547 250 189 524 428 713 643 563 456 509 799 418 600 419 530 926
420 396 960 391 934 862 767 230 122 314 895 664 562 994 484 282 845 778 740 653 170 0 846 987 826 140 801 864 504 799 598 377 246 776 639 220 464 75 251 708 487 598 692 922 818 126 425 135 226 611 640 598 445 637 768 820 453 337 341 690 555 663 568 528 625 607 760 479 667 581 462 878
541 691 194 479 530 560 360 619 879 556 124 455 644 225 449 730 112 209 305 366 776 846 0 147 259 727 463 556 758 352 411 572 634 85 217 661 677 868 711 144 522 791 931 174 496 814 632 812 626 533 423 411 401 366 156 331 689 527 628 918 415 540 631 489 849 285 512 367 178 600 601 598
658 836 130 626 607 654 471 762 1014 690 123 527 731 141 595 877 164 327 368 499 909 987 147 0 356 872 497 650 854 388 549 718 768 212 350 807 780 1012 858 291 665 875 1007 220 526 949 742 947 770 666 504 505 545 501 244 429 832 662 750 994 520 667 766 630 931 403 624 509 321 685 744 691
645 557 448 435 273 301 118 601 892 600 383 648 800 476 348 631 368 70 525 190 809 826 259 356 0 689 692 297 891 587 252 474 670 300 344 611 803 825 627 225 385 946 1091 150 726 833 746 835 600 337 607 579 413 202 382 73 536 571 710 1080 564 325 442 341 1004 429 268 404 287 764 455 339
376 274 857 258 795 724 627 113 239 243 788 611 554 892 344 170 739 644 660 514 221 140 727 872 689 0 746 726 528 726 458 237 203 663 530 80 468 140 129 586 348 623 737 791 767 205 415 212 102 473 580 534 327 498 666 681 330 256 322 733 488 525 437 388 660 512 621 365 551 561 328 741
381 872 378 612 961 965 758 643 766 503 379 137 310 389 670 846 357 625 168 703 656 801 463 497 692 746 0 962 442 111 714 735 558 396 375 722 400 858 808 473 757 424 535 638 34 707 401 701 660 839 166 214 505 693 313 754 900 491 466 522 261 871 905 749 472 311 888 465 422 267 823 1002
825 495 745 525 91 5 205 675 961 736 680 894 1010 773 411 603 662 350 795 276 905 864 556 650 297 726 962 0 1076 864 300 489 787 586 590 647 988 837 620 490 379 1146 1291 431 996 913 924 918 667 253 851 813 564 292 664 224 449 712 864 1281 787 202 322 342 1202 668 105 577 540 982 406 42
251 767 765 568 1112 1076 900 477 416 355 733 340 132 788 676 687 691 822 493 801 333 504 758 854 891 528 442 1076 0 506 776 660 339 672 560 554 88 578 643 680 741 95 221 909 439 379 151 370 495 865 353 350 511 785 613 926 816 372 225 213 342 913 882 759 135 478 976 501 616 179 772 1106
387 818 274 558 858 867 659 617 781 488 268 167 374 290 600 806 246 521 76 614 668 799 352 388 587 726 111 864 506 0 630 680 553 288 288 690 449 848 771 373 688 505 628 527 143 718 433 713 632 758 168 202 449 604 205 651 840 470 481 615 243 786 832 675 558 241 794 406 328 327 759 904
527 305 598 228 350 301 169 388 681 436 523 624 717 633 117 381 487 234 555 61 614 598 411 549 252 458 714 300 776 630 0 229 490 397 342 378 689 587 381 285 132 850 993 387 747 628 625 631 383 129 581 538 265 51 456 226 289 411 564 984 505 156 219 89 905 404 199 284 307 693 205 329
437 137 735 123 557 487 398 197 472 307 660 616 639 771 128 160 615 442 605 288 425 377 572 718 474 237 735 489 660 680 229 0 330 527 419 158 581 359 153 428 110 748 881 595 764 427 517 432 185 238 575 526 231 274 558 455 167 295 435 874 483 290 223 151 796 440 384 274 415 629 111 505
178 428 727 262 840 787 642 138 246 78 667 420 351 759 376 350 617 611 495 530 143 246 634 768 670 203 558 787 339 553 490 330 0 556 418 215 269 300 306 508 423 431 557 738 576 180 213 178 156 553 395 352 257 513 537 683 478 107 121 551 309 605 554 450 474 372 683 275 457 358 441 812
457 654 208 424 572 589 382 552 802 478 133 374 559 244 412 681 91 237 231 362 698 776 85 212 300 663 396 586 672 288 397 527 556 0 138 601 591 802 658 111 492 706 847 249 430 737 547 735 561 524 340 326 336 358 83 366 659 450 545 835 330 540 615 465 765 200 528 298 113 516 571 627
329 553 327 305 599 593 388 418 664 340 258 306 459 362 321 564 208 273 213 328 560 639 217 350 344 530 375 590 560 288 342 419 418 138 0 473 475 668 537 121 407 606 751 349 408 599 424 597 428 470 265 234 206 318 140 394 567 312 412 739 222 498 546 389 665 85 512 165 57 421 482 629
369 218 800 184 715 646 547 82 314 229 730 589 561 835 265 135 681 568 621 434 277 220 661 807 611 80 722 647 554 690 378 158 215 601 473 0 484 214 92 518 269 647 770 716 746 272 426 278 64 396 555 507 266 418 611 601 271 233 335 764 461 448 367 308 689 464 542 308 488 561 256 664
162 693 697 484 1023 989 811 405 394 274 659 282 102 722 591 620 615 735 426 713 296 464 677 780 803 468 400 988 88 449 689 581 269 591 475 484 0 535 575 594 658 166 305 824 404 346 64 338 423 780 286 275 423 697 536 838 740 288 149 296 261 827 800 674 217 394 888 412 530 136 692 1018
478 353 994 397 911 835 756 250 193 360 926 721 631 1028 477 238 877 782 786 645 244 75 868 1012 825 140 858 837 578 848 587 359 300 802 668 214 535 0 216 727 467 673 767 930 876 202 493 211 241 583 694 651 467 630 802 812 408 379 405 765 606 634 529 510 700 645 734 504 691 647 431 847
461 147 862 234 696 619 549 174 363 320 789 677 653 898 280 44 742 593 699 441 349 251 711 858 627 129 808 620 643 771 381 153 306 658 537 92 575 216 0 566 254 736 857 746 833 334 518 341 156 367 642 593 332 427 677 607 203 323 426 852 547 418 317 298 777 539 518 376 544 653 215 631
443 550 316 335 488 493 285 479 749 431 240 422 581 351 307 585 202 155 305 252 652 708 144 291 225 586 473 490 680 373 285 428 508 111 121 518 594 727 566 0 384 728 872 234 507 686 541 685 486 413 382 355 263 247 177 281 552 402 521 861 343 430 504 355 787 207 424 234 64 543 464 531
504 174 700 173 447 377 296 300 582 387 624 650 704 736 87 250 583 363 612 194 530 487 522 665 385 348 757 379 741 688 132 110 423 492 407 269 658 467 254 384 0 824 962 517 788 535 593 540 290 131 607 560 260 183 538 356 167 369 518 954 520 183 149 44 875 449 273 295 388 688 79 397
323 858 775 650 1178 1148 964 569 507 440 751 347 147 794 755 781 713 876 506 870 428 598 791 875 946 623 424 1146 95 505 850 748 431 706 606 647 166 673 736 728 824 0 145 950 414 473 230 464 587 945 371 380 584 855 639 986 905 455 314 135 384 991 967 839 58 521 1049 569 664 190 858 1179
466 985 902 789 1323 1292 1110 696 586 576 884 480 291 918 896 901 848 1021 639 1015 527 692 931 1007 1091 737 535 1291 221 628 993 881 557 847 751 770 305 767 857 872 962 145 0 1093 518 565 369 556 713 1085 508 522 727 999 777 1132 1035 593 446 13 529 1133 1103 979 88 665 1193 714 808 331 993 1323
677 692 331 533 386 436 268 692 974 662 280 623 802 354 466 756 284 154 478 328 881 922 174 220 150 791 638 431 909 527 387 595 738 249 349 716 824 930 746 234 517 950 1093 0 671 912 774 912 695 485 588 570 484 336 328 217 676 632 755 1081 567 475 589 476 1009 431 416 462 295 761 592 473
398 900 405 640 995 999 792 666 778 524 409 156 309 414 701 871 389 659 202 737 668 818 496 526 726 767 34 996 439 143 747 764 576 430 408 746 404 876 833 507 788 414 518 671 0 720 410 713 683 871 191 239 534 726 346 788 929 513 480 505 285 903 936 780 460 343 921 495 456 268 853 1036
331 480 906 404 976 912 791 240 65 258 847 571 447 938 511 374 797 778 666 677 51 126 814 949 833 205 707 913 379 718 628 427 180 737 599 272 346 202 334 686 535 473 565 912 720 0 315 9 246 665 553 516 427 660 717 838 536 287 240 563 476 718 639 571 498 552 808 451 636 470 528 932
101 631 667 420 961 925 750 345 370 210 624 271 139 694 526 562 578 678 400 650 263 425 632 742 746 415 401 924 151 433 625 517 213 547 424 426 64 493 518 541 593 230 369 774 410 315 0 308 363 715 265 244 360 634 497 778 677 224 92 361 221 763 736 609 281 347 825 351 478 155 628 955
325 487 903 406 979 917 793 243 68 256 844 565 439 935 514 381 795 779 662 680 45 135 812 947 835 212 701 918 370 713 631 432 178 735 597 278 338 211 341 685 540 464 556 912 713 9 308 0 250 670 547 511 427 663 714 840 543 285 234 554 472 722 645 575 489 549 812 451 635 463 534 937
305 272 755 165 729 666 548 18 298 164 686 527 497 790 266 199 637 552 564 434 240 226 626 770 600 102 660 667 495 632 383 185 156 561 428 64 423 241 156 486 290 587 713 695 683 246 363 250 0 421 493 446 225 418 564 598 323 170 273 707 399 473 406 324 630 412 561 263 449 497 293 687
622 250 724 297 329 251 225 431 710 513 649 744 819 757 189 352 615 341 683 167 661 611 533 666 337 473 839 253 865 758 129 238 553 524 470 396 780 583 367 413 131 945 1085 485 871 665 715 670 421 0 700 655 366 167 585 287 213 493 644 1077 619 52 104 105 997 528 151 393 437 799 154 267
222 711 412 452 863 853 651 476 614 337 381 43 226 436 522 680 342 537 140 580 502 640 423 504 607 580 166 851 353 168 581 575 395 340 265 555 286 694 642 382 607 371 508 588 191 553 265 547 493 700 0 49 349 567 269 659 742 324 313 495 94 737 757 604 428 183 767 312 321 181 668 889
185 662 423 404 829 815 616 429 579 292 384 89 232 450 475 632 341 508 156 540 467 598 411 505 579 534 214 813 350 202 538 526 352 326 234 507 275 651 593 355 560 380 522 570 239 516 244 511 446 655 49 0 301 527 263 627 693 277 280 510 46 693 710 558 439 149 727 265 292 190 620 850
261 368 534 108 603 565 395 217 490 187 463 391 454 569 178 362 414 353 375 291 398 445 401 545 413 327 505 564 511 449 265 231 257 336 206 266 423 467 332 263 260 584 727 484 534 427 360 427 225 366 349 301 0 275 345 431 394 158 305 718 260 410 410 263 639 210 465 44 224 432 319 595
534 356 556 256 329 293 130 421 715 454 481 611 718 589 153 429 447 183 530 16 643 637 366 501 202 498 693 292 785 604 51 274 513 358 318 418 697 630 427 247 183 855 999 336 726 660 634 663 418 167 567 527 275 0 422 182 340 428 579 989 497 183 265 140 911 387 199 285 277 691 256 325
415 690 192 445 654 668 460 553 782 460 131 299 493 226 454 704 82 318 150 428 674 768 156 244 382 666 313 664 613 205 456 558 537 83 140 611 536 802 677 177 538 639 777 328 346 717 497 714 564 585 269 263 345 422 0 447 701 433 508 765 275 605 670 515 697 164 601 303 150 449 615 705
677 521 521 434 207 229 61 601 895 618 455 701 842 549 336 606 439 129 586 167 818 820 331 429 73 681 754 224 926 651 226 455 683 366 394 601 838 812 607 281 356 986 1132 217 788 838 778 840 598 287 659 627 431 182 447 0 495 590 735 1121 608 267 391 311 1044 478 199 429 339 809 419 267
602 56 867 289 533 446 433 339 567 467 791 782 803 903 248 170 750 524 764 348 547 453 689 832 536 330 900 449 816 840 289 167 478 659 567 271 740 408 203 552 167 905 1035 676 929 536 677 543 323 213 742 693 394 340 701 495 0 459 591 1029 650 253 127 202 951 599 356 435 553 794 88 452
143 417 625 196 757 712 552 152 352 29 563 357 344 658 306 364 513 509 406 445 250 337 527 662 571 256 491 712 372 470 411 295 107 450 312 233 288 379 323 402 369 455 593 632 513 287 224 285 170 493 324 277 158 428 433 590 459 0 152 585 231 542 512 387 505 270 610 170 350 336 404 740
95 544 690 347 908 865 701 255 301 131 638 330 231 719 458 470 590 645 435 595 189 341 628 750 710 322 466 864 225 481 564 435 121 545 412 335 149 405 426 521 518 314 446 755 480 240 92 234 273 644 313 280 305 579 508 735 591 152 0 438 245 693 657 538 360 346 762 306 461 242 547 893
456 979 889 781 1313 1282 1099 689 585 568 871 467 280 905 887 896 835 1010 626 1005 524 690 918 994 1080 733 522 1281 213 615 984 874 551 835 739 764 296 765 852 861 954 135 13 1081 505 563 361 554 707 1077 495 510 718 989 765 1121 1029 585 438 0 517 1124 1096 971 79 654 1183 704 797 319 986 1313
149 617 448 361 807 788 593 383 540 246 402 132 237 476 436 586 356 493 190 511 428 555 415 520 564 488 261 787 342 243 505 483 309 330 222 461 261 606 547 343 520 384 529 567 285 476 221 472 399 619 94 46 260 497 275 608 650 231 245 517 0 659 670 520 443 137 697 226 279 200 578 822
668 294 733 346 282 200 208 483 762 562 660 780 864 766 236 401 629 339 711 178 713 663 540 667 325 525 871 202 913 786 156 290 605 540 498 448 827 634 418 430 183 991 1133 475 903 718 763 722 473 52 737 693 410 183 605 267 253 542 693 1124 659 0 131 155 1045 561 104 434 460 842 203 215
650 177 818 320 407 319 330 420 677 527 743 799 852 853 235 291 706 444 755 267 643 568 631 766 442 437 905 322 882 832 219 223 554 615 546 367 800 529 317 504 149 967 1103 589 936 639 736 645 406 104 757 710 410 265 670 391 127 512 657 1096 670 131 0 157 1017 594 233 444 520 836 113 324
517 216 671 191 407 341 251 333 619 407 595 647 715 706 85 294 556 322 598 150 563 528 489 630 341 388 749 342 759 675 89 151 450 465 389 308 674 510 298 355 44 839 979 476 780 571 609 575 324 105 604 558 263 140 515 311 202 387 538 971 520 155 157 0 891 438 237 293 365 695 116 363
377 902 830 701 1234 1203 1021 613 526 489 808 403 206 848 808 821 770 934 562 926 456 625 849 931 1004 660 472 1202 135 558 905 796 474 765 665 689 217 700 777 787 875 58 88 1009 460 498 281 489 630 997 428 439 639 911 697 1044 951 505 360 79 443 1045 1017 891 0 580 1104 625 722 248 907 1234
256 577 355 318 681 670 468 399 617 296 295 225 374 387 361 571 246 359 165 399 509 607 285 403 429 512 311 668 478 241 404 440 372 200 85 464 394 645 539 207 449 521 665 431 343 552 347 549 412 528 183 149 210 387 164 478 599 270 346 654 137 561 594 438 580 0 585 166 143 335 518 706
727 398 706 420 178 105 153 569 855 633 635 810 915 736 306 503 611 302 722 186 799 760 512 624 268 621 888 105 976 794 199 384 683 528 512 542 888 734 518 424 273 1049 1193 416 921 808 825 812 561 151 767 727 465 199 601 199 356 610 762 1183 697 104 233 237 1104 585 0 481 466 889 305 130
250 411 492 151 610 579 399 254 515 200 423 354 433 527 210 406 373 340 331 301 418 479 367 509 404 365 465 577 501 406 284 274 275 298 165 308 412 504 376 234 295 569 714 462 495 451 351 451 263 393 312 265 44 285 303 429 435 170 306 704 226 434 444 293 625 166 481 0 188 408 358 610
381 544 320 310 544 543 336 441 701 379 245 362 517 355 305 568 199 216 256 285 600 667 178 321 287 551 422 540 616 328 307 415 457 113 57 488 530 691 544 64 388 664 808 295 456 636 478 635 449 437 321 292 224 277 150 339 553 350 461 797 279 460 520 365 722 143 466 188 0 479 466 579
193 753 590 516 1006 984 792 479 523 333 562 162 46 611 610 696 523 693 319 705 419 581 600 685 764 561 267 982 179 327 693 629 358 516 421 561 136 647 653 543 688 190 331 761 268 470 155 463 497 799 181 190 432 691 449 809 794 336 242 319 200 842 836 695 248 335 889 408 479 0 735 1016
545 101 779 219 483 404 358 307 568 418 703 710 747 815 161 198 662 439 683 265 530 462 601 744 455 328 823 406 772 759 205 111 441 571 482 256 692 431 215 464 79 858 993 592 853 528 628 534 293 154 668 620 319 256 615 419 88 404 547 986 578 203 113 116 907 518 305 358 466 735 0 416
856 500 788 550 115 38 245 696 978 763 722 932 1044 816 436 611 704 392 835 311 926 878 598 691 339 741 1002 42 1106 904 329 505 812 627 629 664 1018 847 631 531 397 1179 1323 473 1036 932 955 937 687 267 889 850 595 325 705 267 452 740 893 1313 822 215 324 363 1234 706 130 610 579 1016 416 0
