272
0 331 538 266 304 589 659 497 762 302 208 618 267 163 647 838 365 407 764 708 339 770 195 309 591 130 775 467 292 758 493 489 504 86 235 251 59 723 518 701 265 198 663 620 227 364 381 548 509 150 471 68 161 228 444 513 461 743 198 198 565 669 52 640 244 285 187 419 738 519 347 460 137 326 311 43 281 289 621 531 530 820 175 482 728 511 839 804 159 352 490 358 243 307 326 203 803 410 92 808 199 381 302 195 829 461 163 356 438 619 469 689 268 516 333 730 613 327 620 388 431 664 278 628 127 377 314 400 343 491 283 135 730 505 104 214 618 210 711 791 566 623 492 677 479 59 842 377 575 36 260 807 10 446 174 189 350 902 317 489 236 734 736 110 104 132 687 596 755 410 518 611 543 483 557 743 312 569 557 474 657 737 45 844 106 359 427 586 61 649 221 570 531 181 525 687 783 455 358 743 578 392 775 362 214 161 379 652 64 391 290 749 240 261 370 136 455 404 562 535 127 402 676 456 316 408 296 774 500 334 297 581 583 558 411 295 460 521 266 581 585 655 281 454 664 379 726 459 610 525 623 358 219 740 287 397 565 429 226 550 490 364 237 414 788 274 264 241 568 588 247 412
331 0 868 184 443 589 505 828 935 615 499 818 299 215 522 1016 56 650 710 858 670 911 323 284 762 448 967 799 583 687 746 689 799 287 562 440 318 957 612 768 524 484 883 796 551 141 151 591 423 460 799 362 282 233 669 350 645 935 480 425 393 601 279 734 380 87 423 576 631 802 500 541 468 222 137 333 276 615 942 473 756 990 505 473 898 823 1014 961 272 640 539 686 564 579 385 158 1008 698 380 1057 339 700 614 508 1046 370 280 685 303 941 786 893 160 703 516 915 599 225 819 662 746 908 601 924 438 696 615 598 497 786 107 255 908 482 302 397 942 341 951 989 411 824 438 871 729 387 1028 674 777 339 591 1004 336 777 340 482 234 1106 469 514 191 805 703 267 325 229 957 909 961 738 842 781 804 813 424 633 538 737 596 737 931 1001 288 1047 408 487 746 675 336 532 507 607 670 450 736 968 1024 314 290 989 546 462 693 683 531 485 708 937 271 722 323 1002 155 580 702 326 786 210 885 859 320 219 610 783 168 196 435 1034 829 237 515 493 492 664 361 206 763 425 268 902 879 698 529 552 729 74 980 709 828 437 815 150 540 979 286 721 410 467 119 843 821 671 228 719 1041 605 235 222 860 863 427 646
538 868 0 760 594 860 1062 43 695 337 445 561 734 688 1027 733 897 417 1044 707 215 763 649 745 609 422 661 90 407 1059 392 516 252 587 306 592 553 531 704 843 485 458 536 611 319 894 911 787 895 416 76 509 651 703 458 956 542 643 467 503 1001 989 590 764 599 812 540 580 1080 298 578 698 401 833 821 546 723 254 135 886 469 738 369 810 681 167 742 753 656 316 751 183 309 376 682 725 650 295 495 540 640 271 337 370 639 868 626 182 884 254 150 586 794 548 535 649 893 798 564 344 274 469 313 279 457 197 300 510 576 251 805 630 665 836 580 600 229 648 509 658 991 561 858 599 400 480 717 277 540 538 281 671 535 100 581 451 819 720 578 778 732 857 997 627 581 647 402 175 618 188 87 619 376 138 966 1087 465 605 797 364 374 451 583 682 465 611 256 744 549 1023 398 806 643 496 505 367 547 899 838 508 889 688 1083 269 378 402 159 334 596 163 697 493 770 297 173 572 113 892 92 73 599 917 992 180 814 930 594 486 38 800 484 946 949 705 809 805 221 911 713 242 268 847 435 676 822 918 476 400 515 908 579 864 363 525 762 158 989 738 757 267 57 248 714 331 515 273 764 720 275 341 548 437
266 184 760 0 263 421 407 724 751 568 472 637 386 254 406 831 173 483 564 673 586 726 367 102 578 343 784 703 557 547 580 511 650 186 459 471 222 781 428 588 520 461 704 613 443 311 325 412 280 345 686 261 317 60 496 253 465 752 459 272 304 458 224 551 206 97 427 394 508 647 319 357 386 357 65 292 91 506 814 319 581 805 428 302 714 688 829 776 308 493 358 577 452 428 200 82 826 549 269 884 380 644 568 390 865 226 134 580 182 878 656 712 278 522 339 732 435 68 638 506 694 736 540 772 393 572 479 421 317 638 77 136 724 316 185 426 874 387 776 807 310 643 281 689 562 305 844 532 597 293 504 822 275 679 185 453 90 924 290 336 30 626 549 271 320 133 793 772 780 662 719 597 639 731 308 511 372 553 419 574 768 833 242 865 299 304 690 492 305 411 370 430 485 437 558 807 849 197 422 816 386 277 558 624 479 425 605 779 204 633 138 830 253 463 608 188 696 139 761 738 329 386 466 710 53 369 256 864 722 79 348 355 356 480 196 330 622 287 83 840 728 522 372 367 550 259 809 542 650 296 634 104 483 804 387 604 310 286 101 692 720 537 51 681 869 522 336 44 708 703 258 477
304 443 594 263 0 304 468 567 496 525 479 374 548 415 434 576 437 233 491 427 478 485 492 188 321 266 524 562 547 494 327 247 423 239 342 555 247 518 213 397 549 475 441 355 322 552 568 250 301 248 517 242 448 210 237 372 202 492 479 125 413 413 306 337 68 357 488 134 498 409 57 157 333 567 326 347 180 369 612 295 319 552 367 222 460 480 575 528 443 283 195 428 319 219 93 295 564 327 226 622 498 573 524 266 602 278 183 437 308 773 461 450 489 260 80 473 333 258 375 277 624 474 480 536 398 396 293 158 54 413 339 224 468 249 212 519 761 508 513 546 399 380 264 428 309 292 587 325 334 340 405 561 313 536 136 463 271 663 26 205 251 430 454 390 406 255 539 558 518 558 532 341 387 610 373 504 135 297 260 327 517 576 321 604 237 55 613 282 366 431 210 273 239 472 294 558 586 320 619 554 313 104 515 551 447 395 462 534 286 510 134 570 459 320 482 173 563 350 568 552 427 618 418 604 302 609 8 605 558 254 112 354 357 256 219 535 409 317 181 740 493 352 158 150 360 516 549 290 386 313 372 352 441 541 561 437 398 153 333 458 569 346 215 633 608 429 522 221 472 455 63 223
589 589 860 421 304 0 281 840 464 829 780 431 795 657 225 537 555 447 188 373 776 399 756 320 347 571 521 845 850 198 506 373 643 509 643 838 529 591 167 199 847 774 510 376 622 727 739 76 189 553 787 536 708 405 416 306 332 496 777 429 308 136 576 208 347 509 776 280 230 611 293 162 637 778 453 630 341 662 846 134 451 504 672 118 432 718 529 462 700 545 112 714 617 492 263 494 575 568 524 701 766 875 828 569 626 229 434 725 303 1065 714 487 698 354 333 470 32 365 430 517 926 581 784 726 697 670 571 351 295 636 489 474 453 107 486 798 1050 775 599 548 280 437 157 456 491 589 560 583 412 625 707 558 599 820 415 762 355 653 306 100 432 235 149 652 683 497 677 781 540 854 786 356 555 899 244 238 402 331 68 523 668 694 594 602 539 263 913 169 648 214 509 64 253 767 410 712 657 300 842 643 63 202 223 854 751 698 748 702 553 802 309 667 673 615 774 452 850 399 815 806 700 804 136 898 422 785 309 708 828 353 390 161 165 195 228 750 650 197 356 1033 691 121 441 183 168 660 652 481 473 183 416 446 746 620 800 713 279 159 521 662 846 615 402 937 698 731 752 403 670 627 367 428
659 505 1062 407 468 281 0 1035 745 949 868 706 782 658 57 817 453 676 261 654 933 677 773 351 623 696 802 1028 950 224 753 629 876 573 796 879 605 868 433 467 923 858 786 654 776 643 650 347 166 687 986 632 723 432 657 158 582 777 858 571 112 175 625 489 472 454 833 514 144 852 489 396 755 725 396 692 379 831 1074 184 711 783 795 262 713 942 809 740 714 750 347 894 778 687 382 489 856 787 629 979 787 1014 948 719 907 202 498 902 225 1232 927 766 655 617 532 751 259 339 705 736 1066 852 912 975 785 864 761 580 490 868 439 524 734 238 560 834 1222 793 874 830 97 712 205 736 736 684 840 791 683 691 854 840 669 1002 514 849 316 934 485 309 433 498 285 678 726 533 943 1015 821 1013 998 634 808 1072 102 142 599 604 343 764 930 964 644 884 654 456 1057 449 707 70 672 343 522 838 671 974 935 209 794 918 220 378 217 992 862 806 927 958 603 970 383 941 638 782 943 542 1027 298 1034 1019 736 721 183 1061 373 693 468 982 1026 329 579 128 123 471 259 706 871 151 394 1196 936 392 626 420 442 558 925 722 745 154 693 361 862 896 777 905 98 331 495 903 1037 814 423 1062 974 876 725 420 915 881 517 659
497 828 43 724 567 840 1035 0 700 295 402 561 690 646 1001 742 858 403 1026 706 172 763 606 712 604 383 669 49 365 1039 388 506 254 548 267 549 514 543 688 833 443 415 542 608 281 852 868 768 868 379 55 470 608 668 446 925 528 649 423 471 971 967 549 754 568 773 497 562 1058 301 554 678 360 789 784 504 690 217 171 860 465 744 326 785 684 174 750 757 613 295 730 146 272 351 653 686 661 281 457 561 597 231 295 334 654 839 590 144 852 248 145 591 751 539 511 654 873 764 564 328 239 480 270 299 414 171 274 492 553 251 766 592 669 812 542 557 225 605 522 668 961 561 831 602 393 440 728 258 537 496 239 681 494 56 547 407 785 736 552 755 696 848 980 585 538 608 420 200 627 148 98 615 378 109 938 1065 441 598 778 358 391 471 542 695 427 587 220 731 507 997 366 788 631 453 499 388 564 867 795 524 867 664 1063 228 335 359 119 353 556 120 665 511 728 261 130 536 73 857 119 93 556 874 970 147 778 887 566 508 20 766 458 920 924 691 780 762 215 883 680 230 283 833 409 657 810 877 493 391 517 880 578 828 320 539 719 129 960 713 717 276 17 225 678 295 536 231 721 684 286 351 519 423
762 935 695 751 496 464 745 700 0 852 871 153 1026 901 689 81 921 373 564 91 738 92 958 657 175 664 64 731 905 599 326 273 446 721 655 990 717 196 340 294 943 873 159 143 640 1049 1065 406 633 638 647 693 922 703 326 749 303 59 880 566 764 584 782 256 564 847 918 361 668 399 439 406 719 1059 808 803 660 636 611 584 256 57 732 525 36 528 79 57 918 479 431 643 624 482 551 791 118 449 670 279 961 853 852 617 171 654 678 657 720 948 556 109 983 246 437 46 486 726 149 429 890 236 802 444 809 576 530 362 443 449 828 717 33 536 694 965 924 972 215 91 737 150 590 99 329 725 97 490 192 794 710 97 769 712 624 860 729 189 472 469 744 277 513 866 865 748 335 542 104 792 608 155 322 799 701 675 450 199 408 357 348 317 793 139 663 448 872 300 820 677 561 405 266 888 243 380 237 723 1108 246 526 479 624 835 810 778 670 394 766 732 612 273 953 608 709 655 748 799 613 623 889 1114 579 821 780 1106 504 311 681 718 465 624 628 289 620 1027 489 646 667 930 435 358 485 390 308 1009 272 342 186 633 142 823 797 219 1044 612 736 491 829 429 714 530 707 928 288 729 1010 713 423 357 531 361
302 615 337 568 525 829 949 295 852 0 123 700 414 406 930 913 658 485 1015 828 136 891 335 598 709 259 842 248 69 1017 529 597 453 383 202 258 348 743 714 890 148 138 713 727 221 602 618 771 790 276 303 317 352 525 535 810 594 814 145 400 861 932 350 816 490 584 218 589 1011 491 543 675 195 524 614 286 571 217 462 802 596 906 157 739 826 408 919 905 359 373 719 229 233 382 583 505 851 407 320 794 323 87 0 265 859 747 452 216 735 327 360 754 503 631 509 810 858 626 703 423 131 677 50 550 178 293 322 537 540 443 584 433 819 765 391 274 331 329 725 849 860 702 765 754 524 266 907 365 663 281 142 864 294 239 436 136 650 941 524 730 538 916 979 348 291 435 653 472 808 153 367 726 552 226 846 1017 451 694 782 499 620 707 335 890 297 568 132 775 279 930 328 794 691 177 613 633 784 751 516 742 834 628 1037 76 89 144 218 595 366 178 567 737 485 246 181 407 225 707 404 374 302 609 938 185 619 628 520 746 308 633 453 857 860 738 692 501 399 803 556 288 518 864 408 661 858 647 715 510 670 805 712 661 87 749 443 274 859 675 524 495 280 327 535 113 769 123 456 540 511 561 462 501
208 499 445 472 479 780 868 402 871 123 0 718 293 286 854 938 544 497 961 833 230 897 212 517 713 219 869 358 86 958 560 602 513 294 223 149 263 787 684 866 73 15 744 736 234 480 495 730 715 242 398 244 229 436 545 722 588 839 22 356 773 871 248 797 432 475 96 568 943 544 509 636 154 401 511 180 489 262 560 735 618 926 138 680 841 486 942 919 237 400 674 302 251 388 522 401 885 446 256 851 200 210 122 254 900 668 370 293 647 448 437 780 380 634 483 832 806 534 721 449 251 721 132 624 83 355 349 528 506 501 477 343 837 704 309 155 453 207 770 879 775 722 696 775 551 191 936 404 678 179 190 896 198 345 368 18 558 980 485 679 442 896 929 231 173 339 714 559 840 271 459 732 594 345 765 948 436 695 740 533 681 768 230 926 241 529 255 750 169 856 314 753 677 54 627 701 835 663 396 793 776 578 976 198 72 93 304 663 267 281 494 792 363 270 275 334 338 608 500 470 181 486 877 307 520 505 473 807 412 543 432 786 789 716 617 378 460 728 474 409 586 830 395 626 832 527 769 534 696 731 728 557 88 797 322 350 774 621 416 558 388 373 446 220 827 184 333 449 576 616 417 510
618 818 561 637 374 431 706 561 153 700 718 0 884 763 653 221 810 221 574 146 587 202 813 551 83 515 156 588 752 603 177 131 309 584 502 840 576 162 274 318 790 721 79 61 487 923 939 359 570 489 507 549 779 584 175 679 172 124 728 426 702 565 642 249 438 731 768 243 657 263 317 324 568 925 698 658 550 483 493 529 103 208 580 458 127 394 224 205 776 326 364 494 471 330 444 667 190 299 526 273 815 702 699 465 228 579 549 507 637 809 415 75 851 114 304 113 460 622 3 276 740 153 649 336 658 427 377 224 320 310 713 586 119 476 558 816 787 826 167 174 679 6 525 58 178 578 223 339 42 648 557 190 624 568 492 708 629 290 348 403 626 319 522 724 720 617 256 423 143 644 474 78 185 655 644 665 306 101 365 208 255 264 652 230 517 333 723 265 674 643 410 367 184 737 93 296 230 643 969 211 487 383 629 684 657 626 521 296 627 584 501 235 820 455 560 520 604 705 485 490 744 984 563 675 672 978 382 277 543 616 323 579 583 236 535 892 346 585 554 789 316 356 337 303 313 891 221 189 51 573 19 719 644 190 903 464 678 408 706 301 574 379 590 777 267 576 872 596 300 238 398 210
267 299 734 386 548 795 782 690 1026 414 293 884 0 137 788 1103 355 674 949 968 518 1029 85 477 854 387 1041 649 359 933 759 754 755 309 464 171 309 990 758 937 281 278 931 884 464 215 226 770 666 410 680 335 105 390 711 624 723 1009 271 460 672 844 245 884 481 328 196 675 893 776 599 693 360 116 385 230 454 516 840 705 797 1084 378 678 992 748 1104 1066 108 612 712 573 483 572 539 304 1070 669 359 1072 93 501 414 450 1096 612 370 567 561 731 702 956 139 780 592 995 813 453 887 652 536 929 423 876 281 612 569 664 595 743 342 328 995 695 336 141 739 85 977 1058 685 889 666 943 745 315 1108 632 842 240 459 1074 261 633 412 284 472 1169 566 701 367 973 931 160 171 300 947 828 1022 564 737 873 806 639 689 896 578 831 778 738 915 998 233 1111 372 603 542 827 216 795 486 791 786 239 792 943 1048 575 104 1008 768 616 945 490 355 335 583 907 262 571 486 1013 146 503 560 376 630 485 780 750 148 199 852 600 410 223 540 1036 699 465 562 741 742 804 580 105 707 673 439 693 835 881 548 693 899 290 990 725 877 682 889 422 370 1006 29 619 684 643 288 802 678 611 393 493 1051 462 64 392 820 847 500 679
163 215 688 254 415 657 658 646 901 406 286 763 137 0 659 979 265 561 813 839 479 899 117 340 727 294 920 611 369 799 651 632 667 180 393 231 188 879 623 800 309 272 815 758 387 205 222 632 533 314 625 224 69 252 594 500 598 887 267 337 550 709 124 749 347 213 208 544 762 682 467 557 289 164 264 143 317 447 779 570 681 958 319 540 866 673 980 938 59 515 574 513 404 466 402 171 952 573 247 967 132 493 406 359 981 479 234 510 433 734 631 837 106 655 464 872 675 322 765 549 537 821 399 792 236 538 478 540 464 654 222 192 871 558 206 186 737 137 868 938 560 769 530 821 636 221 986 541 721 152 407 954 162 592 279 271 343 1051 435 563 232 836 794 61 115 163 849 757 904 540 676 747 703 616 561 765 458 703 641 634 819 899 119 993 267 469 539 691 138 665 382 653 654 236 672 850 940 448 206 902 631 479 811 478 327 289 530 816 136 532 348 909 81 423 516 246 595 366 720 691 106 238 718 582 284 245 406 935 651 333 440 608 609 669 444 132 623 541 301 695 748 743 434 558 762 240 886 616 760 549 766 306 339 897 147 555 559 505 162 714 637 527 256 506 948 416 108 256 732 750 370 564
647 522 1027 406 434 225 57 1001 689 930 854 653 788 659 0 760 473 633 212 598 906 620 774 338 570 673 746 997 935 178 707 581 834 561 769 875 591 815 381 410 912 845 733 600 749 663 670 294 139 662 951 614 723 423 612 173 534 722 846 543 138 119 617 433 445 463 826 468 109 808 450 348 734 739 404 682 365 801 1033 141 662 726 774 219 657 901 752 683 714 712 298 863 749 650 353 489 801 747 609 925 787 991 929 692 852 186 484 871 227 1204 889 712 666 567 493 696 203 337 652 695 1043 800 891 929 771 830 727 536 451 825 447 513 679 193 545 831 1193 793 821 774 114 659 169 681 690 667 784 753 631 680 829 784 657 971 493 836 316 878 449 262 430 441 231 675 720 525 893 972 766 986 961 580 761 1043 99 110 562 552 288 719 881 913 636 828 633 417 1034 394 698 14 642 288 470 828 622 925 881 213 808 865 166 339 176 970 844 788 896 911 594 941 362 889 647 752 914 523 997 312 995 981 732 741 128 1033 378 715 435 930 992 326 543 81 77 418 237 718 831 126 381 1170 891 335 591 373 385 580 873 677 693 124 639 374 843 843 786 871 114 290 500 859 1003 778 415 1043 921 851 733 413 870 833 486 616
838 1016 733 831 576 537 817 742 81 913 938 221 1103 979 760 0 1002 442 622 167 794 142 1033 738 255 736 73 776 968 659 384 348 490 799 720 1062 794 207 420 357 1010 942 203 222 706 1129 1145 482 710 710 691 769 998 784 397 827 381 99 949 643 840 651 859 328 644 928 990 441 732 443 520 487 789 1138 889 878 741 696 637 660 320 34 799 603 117 568 12 79 995 542 510 698 689 551 632 872 93 507 745 261 1035 908 913 686 135 732 758 712 799 987 600 159 1063 323 515 108 557 807 218 491 943 264 863 468 879 630 593 439 523 495 909 796 108 613 772 1037 962 1046 229 76 813 217 667 163 390 799 29 549 263 869 772 67 844 759 703 928 810 120 552 547 825 334 573 942 940 828 349 571 114 843 647 235 370 844 777 739 526 279 483 414 368 320 870 87 737 528 924 376 895 747 632 479 347 958 314 393 225 803 1186 247 600 560 684 891 876 846 722 414 844 784 693 272 1032 672 763 734 795 879 647 659 964 1194 646 870 861 1186 585 303 722 799 541 698 702 368 700 1106 537 723 748 972 466 426 558 471 375 1090 277 405 243 709 214 903 862 222 1121 663 812 571 910 466 757 587 788 983 276 790 1088 793 458 391 610 431
365 56 897 173 437 555 453 858 921 658 544 810 355 265 473 1002 0 654 665 841 705 892 377 264 750 475 956 831 629 640 751 685 813 311 591 494 344 955 591 739 574 530 878 785 578 190 197 562 381 484 826 388 334 230 670 300 639 924 526 435 341 557 314 710 379 88 473 567 582 813 493 521 502 277 113 373 261 643 965 433 755 975 540 441 884 843 999 944 324 654 513 714 590 592 370 173 999 712 404 1057 392 741 657 532 1039 330 289 715 260 982 808 885 217 696 513 904 561 198 811 672 789 909 641 937 479 720 634 595 490 801 101 272 896 447 321 449 982 395 949 979 360 817 400 862 733 419 1016 691 770 378 625 994 371 809 348 527 202 1096 464 485 189 777 662 314 372 251 964 928 953 775 866 769 810 849 375 583 543 725 567 744 938 1005 326 1037 433 477 788 651 378 482 525 577 654 497 732 976 1022 269 346 990 508 443 645 724 572 524 738 947 303 755 309 1004 211 605 734 340 820 163 909 884 369 268 566 821 141 242 430 1037 858 208 519 448 448 644 328 263 781 381 256 943 892 667 538 533 701 108 982 713 824 394 807 109 580 978 343 747 359 442 140 856 852 691 222 764 1042 640 292 216 873 872 429 649
407 650 417 483 233 447 676 403 373 485 497 221 674 561 633 442 654 0 628 342 384 406 599 421 224 295 374 416 534 644 96 113 200 386 284 620 372 317 287 432 570 500 257 242 268 737 754 371 515 270 347 339 568 424 50 601 125 343 507 229 637 580 437 354 277 568 548 167 673 178 192 289 347 725 549 444 409 273 400 493 123 429 359 414 344 271 445 422 567 118 341 299 253 109 325 492 397 122 315 410 600 498 484 244 421 502 370 312 540 642 268 286 656 148 154 334 479 489 224 75 541 261 434 304 437 240 164 97 192 192 553 400 339 439 363 597 623 611 307 387 620 224 472 278 79 362 441 147 180 435 343 404 412 392 310 487 503 496 208 373 465 451 580 516 506 430 309 339 350 451 339 240 155 478 590 680 111 211 381 93 285 351 444 438 302 223 525 328 460 627 191 390 229 516 129 325 380 551 764 343 482 300 669 478 437 405 331 300 426 392 367 353 625 239 365 329 426 583 368 359 530 792 581 489 529 790 238 384 388 486 135 552 556 288 446 693 202 531 408 615 262 430 127 265 408 719 330 58 204 524 231 580 425 336 695 283 619 345 532 228 411 185 432 571 392 364 668 439 241 222 225 20
764 710 1044 564 491 188 261 1026 564 1015 961 574 949 813 212 622 665 628 0 478 964 480 920 473 492 756 627 1032 1034 41 678 543 819 681 831 1010 705 725 341 269 1026 955 649 514 810 851 861 257 287 739 972 717 870 562 592 373 508 608 957 615 348 108 746 325 529 639 951 464 126 784 481 350 822 917 580 804 498 851 1022 244 615 588 858 282 538 897 613 543 862 730 301 902 806 679 439 644 682 750 705 829 931 1063 1015 757 735 342 604 913 406 1253 896 616 839 519 522 583 157 499 572 700 1114 727 971 892 878 856 758 534 484 814 621 641 563 259 660 968 1237 940 736 654 321 579 283 585 664 770 650 768 565 800 895 661 775 1007 593 943 483 743 494 285 581 288 52 817 853 661 829 956 657 1042 968 496 722 1087 295 132 590 482 247 698 825 837 764 701 723 452 1102 315 822 199 697 238 415 945 573 868 785 396 984 778 186 387 62 1042 936 882 936 862 723 990 476 804 817 803 962 629 1037 502 995 987 868 930 99 1087 550 906 495 846 1013 487 578 216 217 352 369 892 830 285 514 1221 860 218 629 370 263 774 793 657 622 273 556 560 931 753 951 899 321 341 664 834 1032 801 557 1124 831 919 900 557 840 791 553 608
708 858 707 673 427 373 654 706 91 828 833 146 968 839 598 167 841 342 478 0 723 63 903 577 120 620 150 732 875 512 319 231 455 659 626 945 659 256 254 208 906 835 194 101 610 977 992 315 543 595 652 639 864 629 292 660 248 130 841 510 673 493 723 164 495 771 873 294 578 409 372 322 680 993 728 750 582 614 638 494 242 135 697 436 60 540 161 102 860 457 343 632 595 448 473 719 205 438 617 354 907 837 827 579 258 565 611 645 632 955 561 149 916 199 376 105 395 645 143 408 878 278 777 477 766 567 506 309 375 456 751 651 85 446 632 916 932 918 271 178 647 147 500 122 317 676 187 476 171 741 685 186 716 711 559 821 646 280 405 380 669 196 426 807 812 682 383 568 179 783 620 102 332 799 610 586 401 139 317 350 389 376 736 230 614 375 861 209 768 586 519 314 189 845 216 426 310 636 1045 309 435 398 538 818 777 740 661 433 705 723 534 336 886 581 699 593 747 714 632 637 835 1044 489 817 700 1034 435 377 688 636 412 533 537 202 534 961 491 556 590 933 460 268 440 308 218 933 330 325 194 543 128 741 766 283 984 605 646 406 756 447 719 516 632 911 358 706 947 637 445 381 468 327
339 670 215 586 478 776 933 172 738 136 230 587 518 479 906 794 705 384 964 723 0 785 434 592 607 243 721 132 205 971 411 498 320 401 137 379 366 616 642 809 278 243 591 621 157 683 700 710 768 248 169 325 437 534 434 808 503 696 252 363 857 891 391 732 461 623 325 513 976 361 482 615 203 618 641 339 567 115 331 770 483 789 164 701 714 272 800 792 443 266 663 97 159 294 553 537 726 288 317 660 424 114 136 214 731 732 456 83 733 298 224 635 583 532 443 694 807 634 590 314 157 549 100 413 244 164 221 453 480 311 618 449 705 727 401 385 290 433 596 726 851 589 737 639 409 285 786 248 553 332 82 742 334 115 423 235 656 813 471 681 556 831 923 418 368 461 518 336 686 80 232 623 427 145 832 983 377 595 721 380 486 572 381 764 288 512 141 697 340 905 268 732 605 281 506 497 653 749 622 610 791 582 993 97 162 190 82 459 401 53 551 604 560 161 45 403 116 723 271 240 385 703 896 127 639 717 476 612 181 638 386 829 832 658 673 592 267 783 554 263 382 793 336 597 780 714 583 398 553 782 601 687 147 620 546 139 850 631 565 360 160 208 544 189 636 64 550 550 376 429 420 402
770 911 763 726 485 399 677 763 92 891 897 202 1029 899 620 142 892 406 480 63 785 0 965 628 183 684 156 791 939 517 379 295 511 720 690 1008 721 285 300 214 970 898 236 164 673 1032 1047 350 578 658 709 702 926 684 356 696 311 149 905 572 705 509 784 193 553 823 936 354 589 464 431 371 743 1052 779 812 635 677 687 526 303 108 761 475 85 595 133 64 921 520 385 693 659 512 525 775 208 499 680 371 969 900 890 643 260 605 669 707 674 1012 618 187 974 263 437 128 417 694 199 470 940 318 840 523 830 628 569 372 435 513 804 709 107 482 693 979 989 980 303 181 678 202 537 166 377 739 169 537 231 804 748 184 778 771 619 885 694 263 464 420 723 192 431 868 874 740 421 618 196 844 676 165 386 858 642 597 465 203 350 410 431 407 797 222 677 432 923 247 830 607 583 345 245 909 278 465 329 676 1104 336 462 449 542 881 841 804 722 476 766 784 587 364 944 645 760 653 806 759 685 691 897 1101 504 877 750 1090 493 402 745 685 475 560 564 248 578 1020 549 590 643 992 510 285 503 359 234 985 361 387 247 576 185 789 829 309 1044 666 677 452 812 499 776 578 687 974 380 769 1006 691 496 431 529 390
195 323 649 367 492 756 773 606 958 335 212 813 85 117 774 1033 377 599 920 903 434 965 0 447 787 307 969 565 284 908 681 684 672 253 380 117 245 913 705 887 212 197 856 816 380 273 287 725 644 332 595 264 50 358 638 617 656 938 190 393 667 818 185 829 427 330 117 613 874 694 539 643 277 188 381 155 422 431 755 678 723 1015 293 642 924 663 1035 999 59 531 666 488 399 495 495 285 996 587 287 992 15 422 335 369 1020 591 323 482 549 657 617 883 178 711 528 925 777 436 815 573 460 851 341 793 196 527 487 596 535 659 340 282 926 662 279 74 664 19 899 985 676 818 638 872 668 237 1037 549 770 164 374 1001 188 549 356 202 457 1095 508 659 344 921 898 104 93 259 865 743 949 482 652 806 727 558 676 878 507 765 734 660 834 917 170 1037 296 547 465 773 138 779 409 747 725 158 720 860 970 564 189 929 736 569 921 411 271 250 498 824 206 487 447 933 170 419 476 318 546 484 695 665 68 274 826 520 401 293 484 955 614 447 493 719 720 748 553 167 623 653 406 618 751 835 475 640 849 333 910 648 803 660 818 423 286 928 113 534 675 600 279 719 594 528 364 421 971 377 122 364 737 765 439 605
309 284 745 102 188 320 351 712 657 598 517 551 477 340 338 738 264 421 473 577 592 628 447 0 488 350 694 698 598 460 515 430 604 223 457 542 254 702 328 486 574 507 622 522 439 414 427 309 201 344 669 280 397 88 426 215 382 662 508 241 265 371 280 450 150 198 489 308 431 594 240 257 405 458 151 344 27 498 782 230 506 710 446 202 620 652 735 680 388 454 255 567 443 387 107 174 738 504 279 808 459 665 597 382 780 151 147 572 141 890 626 626 378 438 268 641 336 71 552 457 717 662 563 721 434 550 450 346 238 593 178 176 632 218 208 498 883 467 699 718 262 558 191 602 497 333 752 495 513 342 511 732 319 673 168 498 82 834 215 234 111 523 454 345 385 190 727 733 693 671 694 506 575 735 248 436 315 463 316 514 706 764 299 776 306 218 710 390 360 340 346 328 390 490 478 746 771 156 521 740 291 179 474 644 510 454 597 721 257 634 54 757 352 451 607 191 694 162 734 714 399 488 378 719 122 472 183 793 707 66 291 274 276 380 105 429 583 211 43 854 677 419 326 269 447 358 736 478 569 217 546 167 511 726 481 586 260 183 201 641 711 507 83 712 795 532 432 84 656 643 205 411
591 762 609 578 321 347 623 604 175 709 713 83 854 727 570 255 750 224 492 120 607 183 787 488 0 501 206 626 756 520 217 112 360 547 507 825 544 244 192 244 786 715 162 34 490 874 890 276 491 475 548 522 749 529 174 601 130 174 721 394 623 481 609 170 389 675 754 186 573 317 264 248 560 884 637 633 489 497 555 448 140 232 577 379 139 445 254 212 746 341 284 519 476 328 380 616 252 328 500 355 790 722 709 459 297 502 503 532 563 850 460 145 808 79 262 153 376 558 82 293 764 236 658 407 647 456 389 191 268 359 656 542 146 395 520 797 829 801 251 230 599 89 445 117 210 557 266 363 75 624 567 244 599 604 449 701 563 346 297 323 570 251 440 693 695 573 336 485 208 671 524 19 244 691 563 581 282 24 281 245 333 347 621 288 495 274 747 181 650 560 399 283 105 726 105 375 311 569 933 295 404 313 546 702 658 620 549 372 592 611 440 319 778 463 586 481 639 636 540 541 719 939 479 706 610 931 330 360 587 550 294 496 501 152 462 852 389 505 495 827 381 274 320 228 234 836 305 214 129 493 69 655 646 273 870 496 598 333 655 361 615 403 534 795 350 588 835 539 363 306 356 208
130 448 422 343 266 571 696 383 664 259 219 515 387 294 673 736 475 295 756 620 243 684 307 350 501 0 669 360 280 757 374 392 373 164 116 325 131 605 466 648 291 217 551 526 103 493 511 516 534 25 350 86 283 290 339 565 373 638 222 141 615 672 177 578 230 389 253 349 752 390 291 421 66 456 401 157 324 167 494 543 419 721 102 479 633 381 739 710 284 224 462 238 116 188 324 302 693 282 74 685 306 317 259 65 714 494 212 239 490 540 341 582 399 422 263 628 599 390 517 265 369 544 218 498 146 249 184 312 288 361 382 209 631 505 159 301 534 317 592 683 610 519 507 573 361 73 737 247 473 147 162 700 131 336 182 204 412 791 268 471 314 677 721 238 215 225 560 466 646 322 393 519 419 388 594 757 219 481 526 352 529 611 175 734 44 313 361 531 170 673 104 539 459 225 422 558 662 506 484 621 574 369 777 296 180 129 264 523 178 289 312 626 371 132 265 160 352 480 437 410 239 533 678 370 397 539 261 649 383 394 213 599 602 497 437 425 329 548 311 504 454 614 180 409 613 503 603 342 500 549 522 446 175 620 410 272 609 415 335 420 379 233 301 371 664 182 392 306 438 460 203 304
775 967 661 784 524 521 802 669 64 842 869 156 1041 920 746 73 956 374 627 150 721 156 969 694 206 669 0 703 897 662 312 287 417 740 649 994 733 142 387 357 940 872 130 171 635 1076 1092 459 684 644 618 706 936 734 331 799 324 32 880 582 816 643 798 314 590 880 922 390 729 370 467 450 721 1081 843 814 695 625 568 637 251 78 730 574 89 495 80 108 933 471 480 625 619 483 586 819 55 434 682 216 971 835 841 618 108 701 703 639 765 915 527 88 1006 266 459 53 544 764 154 421 870 193 791 399 812 558 522 380 470 422 861 740 67 587 714 971 890 982 162 27 790 151 640 98 319 734 67 477 199 805 700 38 781 686 646 859 769 140 499 518 775 341 576 881 876 772 284 501 45 770 575 188 296 772 754 737 463 230 462 342 301 260 808 83 673 479 851 354 831 735 565 460 307 890 249 329 174 770 1126 188 582 518 687 818 805 777 649 347 784 711 646 214 975 601 690 676 722 841 576 588 900 1139 639 797 816 1132 532 250 650 756 480 679 683 339 664 1048 464 697 700 900 395 419 494 432 369 1041 216 334 172 685 153 861 792 161 1060 590 789 535 858 394 684 515 739 911 226 718 1028 744 386 319 553 365
467 799 90 703 562 845 1028 49 731 248 358 588 649 611 997 776 831 416 1032 732 132 791 565 698 626 360 703 0 317 1043 412 524 286 523 244 504 488 581 697 849 396 372 575 633 261 816 833 775 862 358 85 445 570 649 462 913 542 682 380 460 960 969 519 770 558 747 454 569 1058 333 555 682 330 750 761 471 675 200 221 857 490 777 293 783 713 212 784 788 575 303 733 134 254 353 646 661 698 299 435 604 555 182 248 316 693 830 571 127 839 225 176 623 715 558 513 685 877 746 592 341 190 516 226 343 377 177 274 502 553 282 742 569 699 810 519 513 206 563 560 703 951 589 827 633 416 411 763 269 561 463 207 717 463 25 531 365 768 776 550 757 674 866 987 550 500 584 462 247 663 98 142 638 409 68 930 1065 443 618 785 382 432 514 510 733 405 587 171 744 472 994 356 795 645 410 521 432 605 854 753 565 868 662 1067 179 293 322 101 396 528 78 653 553 692 247 96 517 24 839 168 140 518 835 973 100 757 850 561 552 67 750 458 917 920 704 771 724 242 877 664 201 324 845 408 662 824 845 534 411 546 875 605 806 279 579 678 134 950 712 691 314 32 233 659 245 579 195 682 665 325 388 511 436
292 583 407 557 547 850 950 365 905 69 86 752 359 369 935 968 629 534 1034 875 205 939 284 598 756 280 897 317 0 1033 585 644 517 377 249 195 344 804 745 925 81 99 770 776 265 557 571 796 795 301 373 321 308 520 583 805 636 869 102 421 857 946 333 853 505 561 167 624 1021 554 571 701 213 471 597 266 571 274 532 812 649 960 183 754 877 476 973 956 317 426 742 295 280 427 596 487 909 465 329 858 271 146 70 300 919 750 451 283 730 372 428 809 459 677 541 864 878 619 755 477 177 737 110 618 164 356 375 577 568 507 563 427 871 779 390 217 380 276 786 906 858 755 774 808 578 267 964 422 714 264 197 922 282 309 444 104 642 1001 549 750 527 952 1000 315 257 423 718 541 865 221 437 773 611 290 847 1026 488 739 807 556 685 772 316 949 311 594 184 808 255 936 364 819 730 133 663 700 847 747 458 805 850 648 1051 140 101 151 287 662 352 248 573 801 444 296 250 412 294 694 474 444 263 557 952 248 605 578 541 812 378 627 487 865 867 773 697 451 463 808 556 334 584 894 445 689 891 608 779 563 725 811 764 643 110 811 388 341 857 693 502 560 349 386 529 137 834 182 406 533 577 624 483 548
758 687 1059 547 494 198 224 1039 599 1017 958 603 933 799 178 659 640 644 41 512 971 517 908 460 520 757 662 1043 1033 0 699 565 838 674 836 1001 699 756 359 304 1022 951 678 543 816 828 837 272 268 741 985 713 858 549 611 344 527 642 953 617 316 89 737 355 528 619 944 478 86 805 489 361 822 897 559 797 486 859 1042 230 639 625 859 278 572 915 650 580 849 743 310 912 812 690 436 629 717 766 703 861 920 1068 1016 761 770 322 596 922 383 1262 912 647 820 542 531 616 166 481 601 715 1118 756 973 915 874 868 769 549 492 832 601 632 597 253 654 958 1248 928 766 689 289 608 269 616 684 767 686 782 591 794 900 696 769 1018 589 940 464 780 500 289 566 325 86 805 844 650 857 976 690 1049 984 524 745 1097 267 91 600 508 262 718 851 866 756 737 722 458 1107 340 814 165 703 254 438 939 597 894 817 372 964 809 182 390 26 1046 936 881 946 887 714 999 468 834 799 810 970 624 1048 477 1012 1004 859 906 82 1095 530 882 498 876 1027 469 587 194 194 376 355 873 847 263 502 1230 882 247 637 382 295 749 823 676 649 252 585 536 932 784 934 911 290 342 647 855 1045 813 544 1127 862 923 883 543 862 815 555 625
493 746 392 580 327 506 753 388 326 529 560 177 759 651 707 384 751 96 678 319 411 379 681 515 217 374 312 412 585 699 0 134 145 480 338 692 463 231 339 454 630 564 185 220 325 832 849 429 596 349 332 428 654 521 95 688 174 285 572 324 722 642 527 376 374 665 620 239 736 106 281 358 417 816 645 528 505 312 346 569 77 378 421 491 304 229 390 381 653 159 409 317 308 186 417 589 325 123 404 316 681 526 528 315 342 588 466 331 630 635 243 225 748 161 247 283 538 585 180 111 563 170 478 222 509 250 211 176 282 142 650 495 293 514 457 673 613 692 218 321 704 178 552 227 18 444 379 164 149 518 387 337 498 391 406 551 598 420 301 444 562 465 628 603 588 525 213 278 281 466 307 227 59 479 672 744 208 214 438 31 190 254 533 366 387 310 546 365 543 699 272 445 263 585 112 231 289 641 852 250 549 383 724 508 494 470 344 209 517 406 461 258 718 290 383 424 427 677 325 325 613 884 643 498 625 884 332 288 370 581 232 626 630 326 534 783 172 612 504 614 184 467 220 334 436 815 235 38 141 604 193 676 480 246 781 287 703 424 629 156 399 203 529 601 297 405 756 536 164 129 322 104
489 689 516 511 247 373 629 506 273 597 602 131 754 632 581 348 685 113 543 231 498 295 684 430 112 392 287 524 644 565 134 0 277 452 395 717 446 271 206 326 675 604 193 134 378 792 808 297 478 366 451 420 649 457 63 579 49 255 610 295 609 510 511 247 309 604 645 126 604 240 191 233 449 793 573 529 426 386 479 446 82 331 465 369 241 359 350 318 646 231 282 411 364 216 324 537 321 225 397 378 687 611 596 348 356 478 418 425 528 750 366 206 719 34 174 240 405 502 133 185 654 234 546 352 537 350 277 93 194 273 586 454 241 391 426 691 730 698 268 306 588 137 433 189 121 451 353 256 88 520 455 322 496 501 360 590 511 421 220 319 498 342 493 594 592 486 315 412 274 563 434 129 182 588 554 612 177 97 305 156 300 342 521 362 390 212 638 231 546 572 289 311 129 616 47 344 340 537 838 310 419 273 591 592 546 509 443 330 496 504 379 328 689 351 478 388 536 588 456 453 616 853 510 600 549 847 255 367 491 496 192 501 505 192 428 761 296 494 429 725 317 334 211 209 305 762 309 117 139 485 134 597 534 295 773 392 587 308 577 290 516 296 463 684 366 476 740 469 297 253 267 96
504 799 252 650 423 643 876 254 446 453 513 309 755 667 834 490 813 200 819 455 320 511 672 604 360 373 417 286 517 838 145 277 0 515 295 658 490 298 478 599 577 521 288 360 292 863 881 567 714 353 201 448 655 590 227 796 311 395 530 378 835 778 547 521 454 725 590 366 871 46 389 488 395 830 716 530 588 251 203 693 219 491 385 615 430 85 497 503 656 159 540 224 273 222 517 642 413 101 426 341 668 429 452 308 412 699 523 237 732 502 110 337 771 306 349 400 675 669 312 147 458 232 407 125 482 160 189 297 389 12 712 543 415 640 497 648 478 679 278 417 819 308 672 348 156 447 477 126 288 520 324 431 505 269 466 509 685 495 401 573 627 610 770 612 584 569 201 139 376 357 165 369 124 354 789 879 289 358 576 121 168 255 548 449 402 422 439 509 541 827 292 584 407 549 257 188 332 744 855 290 682 499 864 415 442 433 241 151 543 300 550 284 742 253 282 473 305 764 180 181 607 906 779 380 700 911 427 294 235 668 313 752 756 470 642 798 54 730 584 484 81 612 279 464 581 862 262 162 263 724 327 753 426 300 780 181 817 545 680 47 268 144 600 504 317 336 765 606 65 108 399 217
86 287 587 186 239 509 573 548 721 383 294 584 309 180 561 799 311 386 681 659 401 720 253 223 547 164 740 523 377 674 480 452 515 0 281 329 36 704 452 633 351 284 637 578 267 352 370 473 423 173 515 78 208 143 416 429 418 708 285 159 480 585 67 576 173 225 270 365 652 522 289 389 200 341 239 123 195 332 655 446 504 778 241 399 686 536 799 758 203 357 414 403 279 300 246 138 773 416 93 796 261 457 382 221 803 375 77 404 353 691 499 657 269 475 284 692 532 243 586 384 508 648 353 640 212 409 329 360 285 502 218 50 690 422 27 288 688 271 694 758 481 589 407 641 464 119 806 389 541 120 320 774 96 500 103 275 267 872 257 410 156 667 655 150 173 60 684 621 725 477 555 566 534 547 471 657 280 523 482 465 656 732 85 813 122 294 503 520 140 563 222 495 476 267 493 690 767 370 386 729 495 316 690 437 294 239 428 658 47 450 206 738 239 294 427 66 514 326 599 573 192 405 592 524 239 404 231 767 548 250 261 495 497 495 325 308 477 434 180 653 596 582 259 387 595 347 715 443 582 439 586 285 297 723 324 436 480 351 171 560 543 384 153 496 777 337 288 157 578 587 191 387
235 562 306 459 342 643 796 267 655 202 223 502 464 393 769 720 591 284 831 626 137 690 380 457 507 116 649 244 249 836 338 395 295 281 0 363 246 563 516 690 292 229 523 526 20 597 615 580 631 114 236 202 368 404 334 673 391 620 237 226 721 756 286 615 324 506 295 389 840 323 351 484 105 548 517 250 433 54 386 634 400 710 89 564 628 284 724 706 371 178 531 123 31 179 416 419 663 223 190 628 375 233 201 77 677 595 326 123 598 435 239 561 499 429 314 614 673 502 505 228 282 498 152 413 187 147 127 335 348 283 499 325 622 591 275 353 426 385 547 658 715 505 600 558 330 176 716 181 464 241 64 675 233 220 288 216 524 757 336 547 430 715 791 333 296 341 494 365 619 217 283 524 370 277 695 846 251 492 591 310 461 547 280 703 160 379 270 575 257 767 133 602 489 255 413 484 612 614 567 570 655 446 858 211 156 138 147 447 290 176 415 569 473 47 150 272 237 594 327 299 318 629 760 264 512 639 339 586 267 506 256 692 695 538 537 519 244 646 421 400 372 667 209 468 659 614 547 314 476 645 514 562 142 573 491 161 714 495 450 342 262 152 415 299 605 88 481 420 360 395 284 299
251 440 592 471 555 838 879 549 990 258 149 840 171 231 875 1062 494 620 1010 945 379 1008 117 542 825 325 994 504 195 1001 692 717 658 329 363 0 310 922 768 951 114 138 874 851 370 383 395 799 742 351 548 313 161 453 664 724 696 964 130 441 775 911 264 888 496 444 71 663 973 686 595 711 274 287 492 208 515 407 710 771 743 1047 274 728 958 634 1064 1036 171 534 741 452 389 511 575 390 1015 585 332 992 101 341 258 377 1034 690 405 443 653 563 586 906 293 747 577 954 861 539 843 580 371 858 279 771 183 502 485 635 591 646 452 368 957 750 352 45 573 100 907 1007 782 844 731 898 681 269 1062 544 799 214 338 1024 241 492 425 149 562 1112 566 739 445 984 984 200 156 351 857 708 969 412 609 844 730 484 779 977 543 805 809 667 825 911 245 1056 331 609 379 836 190 879 429 821 776 108 747 846 974 669 265 932 824 643 1016 333 221 225 454 809 287 429 533 933 287 409 424 387 482 595 650 619 143 370 918 442 509 395 547 950 560 550 533 816 818 806 647 273 605 752 499 526 733 906 505 705 915 448 910 663 823 758 848 536 237 934 199 499 781 679 390 704 535 515 460 324 969 333 228 462 722 759 496 630
