95
0 887 800 350 38 567 774 567 904 786 703 527 137 582 210 477 903 823 691 153 358 833 929 929 1202 482 591 702 715 502 618 849 727 898 540 361 54 895 698 788 890 988 1157 685 596 421 489 776 428 692 827 601 917 610 892 943 794 831 407 835 888 731 276 657 299 1029 410 978 70 160 648 626 560 932 595 875 849 827 729 901 447 216 187 559 675 800 861 646 572 618 900 632 1075 1213 352
887 0 438 538 892 354 668 662 390 261 657 738 751 311 685 410 418 319 532 735 542 664 778 274 340 428 301 573 567 629 270 629 361 17 693 541 896 475 446 745 640 101 270 376 527 633 501 491 602 673 266 680 523 281 417 312 107 729 597 361 8 661 641 240 805 335 486 359 840 759 483 331 629 245 471 654 43 60 754 178 452 757 802 384 397 342 128 243 333 269 465 689 188 329 625
800 438 0 549 786 307 973 878 788 179 247 925 697 362 665 439 110 122 143 683 470 993 1118 227 738 368 453 862 864 336 430 970 682 456 892 464 834 97 101 1042 206 481 627 672 214 771 311 825 379 945 649 910 131 447 808 733 455 1045 395 737 447 950 667 337 874 771 439 783 733 640 754 243 298 252 204 1000 444 426 1026 286 534 779 640 575 137 96 541 368 333 383 851 932 548 680 715
350 538 549 0 360 255 563 393 587 478 561 411 213 245 147 135 634 530 489 197 106 609 728 619 851 180 240 461 471 378 268 608 409 548 391 112 357 645 457 608 701 639 807 369 399 248 266 497 287 500 490 431 679 259 582 609 443 634 261 516 539 526 120 318 325 692 111 649 312 247 372 323 428 615 365 639 499 478 568 573 101 239 311 225 411 515 511 302 247 273 601 461 726 863 175
38 892 786 360 0 565 805 599 925 781 679 561 152 584 227 482 891 814 673 166 356 864 962 923 1212 480 599 730 743 480 626 878 747 903 573 359 92 880 684 822 868 992 1163 705 578 450 478 802 410 724 843 633 900 618 914 960 801 863 390 855 894 763 297 659 335 1046 410 997 54 146 672 621 537 927 581 905 855 833 763 898 459 248 159 575 664 790 871 650 572 622 924 665 1080 1220 378
567 354 307 255 565 0 687 573 571 224 399 618 442 75 391 133 381 275 291 426 209 715 842 367 694 85 171 575 579 295 164 699 425 370 586 206 588 399 230 751 486 447 621 403 230 464 152 559 250 649 439 607 438 175 581 549 294 760 243 507 359 660 376 118 579 614 159 598 511 422 467 68 314 366 174 731 328 304 729 333 227 495 454 280 172 261 386 130 36 121 617 630 535 680 412
774 668 973 563 805 687 0 207 340 820 1080 268 670 618 606 581 1012 892 979 663 665 63 165 912 781 669 522 111 109 927 543 97 309 661 239 670 741 1052 915 77 1169 736 823 306 909 357 790 179 842 84 409 177 1098 526 308 439 577 73 818 323 661 42 534 636 497 508 641 433 781 764 220 738 968 890 857 111 629 628 111 822 497 557 839 407 854 897 546 605 653 590 272 149 784 856 437
567 662 878 393 599 573 207 0 442 749 943 86 469 516 409 448 936 818 856 463 500 268 362 864 859 534 432 160 175 771 462 289 320 661 40 506 534 966 803 226 1059 749 871 291 774 158 647 269 681 125 447 37 1008 444 416 523 557 264 655 393 657 164 340 556 293 607 489 536 578 568 187 635 818 847 730 313 619 610 176 785 354 351 643 309 746 815 561 526 544 503 401 69 815 915 242
904 390 788 587 925 571 340 442 0 612 961 528 773 496 698 524 794 682 841 759 656 311 405 662 441 597 409 290 277 862 408 268 178 378 482 659 889 846 761 414 995 430 489 220 799 512 715 176 798 384 139 439 894 399 32 101 334 381 781 71 382 353 628 473 699 169 610 95 885 833 272 595 885 634 741 286 363 373 448 566 487 708 899 362 701 697 263 448 535 451 79 430 461 518 558
786 261 179 478 781 224 820 749 612 0 399 807 665 245 615 347 192 72 275 649 430 834 958 143 578 308 316 712 711 409 287 807 519 279 769 426 810 235 191 892 384 316 476 514 291 665 316 663 412 801 474 778 283 305 633 554 278 890 417 564 269 801 598 192 797 592 383 604 726 635 605 160 394 146 245 837 264 246 883 137 433 718 656 440 154 84 361 223 232 246 678 796 393 534 624
703 657 247 561 679 399 1080 943 961 399 0 971 636 474 630 500 342 362 124 625 457 1112 1238 474 976 412 571 969 974 203 561 1097 824 675 948 451 748 294 210 1139 198 715 869 802 171 808 296 959 291 1034 823 980 283 573 974 923 646 1153 318 900 664 1050 660 487 859 975 455 974 633 548 862 366 145 499 225 1129 652 630 1110 525 591 751 520 674 264 331 739 513 435 514 1012 1007 788 925 735
527 738 925 411 561 618 268 86 528 807 971 0 445 567 395 488 990 874 891 442 517 331 407 928 944 569 491 243 257 788 522 359 404 738 46 523 487 1016 845 265 1098 827 954 373 805 162 674 354 696 184 531 95 1056 505 502 609 631 312 669 479 734 227 333 615 235 693 515 622 547 551 271 682 839 913 765 379 694 684 202 853 391 315 625 371 790 869 641 585 592 561 485 119 895 998 241
137 751 697 213 152 442 670 469 773 665 636 445 0 450 74 342 796 706 603 16 235 727 831 808 1064 357 453 588 601 433 482 738 595 761 449 239 147 794 597 695 810 852 1020 553 506 313 386 654 346 593 691 505 820 473 763 807 656 733 321 702 752 629 146 524 248 893 282 844 114 110 524 504 491 808 494 766 713 691 640 773 309 138 182 422 566 686 723 511 443 483 773 537 939 1077 235
582 311 362 245 584 75 618 516 496 245 474 567 450 0 390 109 423 308 364 433 231 643 770 380 645 120 97 506 509 367 88 625 350 324 532 230 596 449 297 683 552 409 582 328 306 420 221 485 314 583 365 547 492 99 506 477 235 690 302 431 314 592 361 74 554 545 175 526 532 448 397 121 389 373 249 657 279 255 664 328 188 481 491 213 236 301 323 68 39 49 541 569 498 640 379
210 685 665 147 227 391 606 409 698 615 630 395 74 390 0 281 758 662 583 61 194 661 769 758 993 308 385 520 532 430 414 670 520 694 393 200 211 762 567 635 794 786 952 478 487 251 359 581 339 531 617 446 792 404 688 733 588 671 312 628 686 565 74 464 230 819 233 770 187 158 451 457 487 756 467 699 646 625 584 717 238 120 234 348 529 644 651 449 388 420 699 478 872 1008 169
477 410 439 135 482 133 581 448 524 347 500 488 342 109 281 0 514 404 407 326 140 616 741 486 734 88 127 470 476 352 147 605 357 421 458 142 489 532 357 639 611 510 680 325 329 332 210 475 277 534 407 483 571 144 527 526 321 654 258 454 412 549 252 183 449 603 87 571 430 351 366 200 389 481 281 637 374 351 611 438 96 372 402 181 303 393 399 169 115 141 555 509 598 738 279
903 418 110 634 891 381 1012 936 794 192 342 990 796 423 758 514 0 120 251 781 564 1025 1149 159 682 454 504 904 903 446 477 998 710 434 955 559 935 62 208 1084 238 438 563 706 324 842 413 854 487 992 658 966 107 494 817 727 460 1082 502 750 426 993 754 381 959 753 528 775 837 744 797 313 408 189 309 1028 434 421 1074 244 606 870 748 628 230 121 535 412 401 433 863 985 492 613 793
823 319 122 530 814 275 892 818 682 72 362 874 706 308 662 404 120 0 245 691 471 906 1030 122 616 354 385 783 783 408 357 880 591 336 837 467 850 164 169 964 321 359 507 586 284 728 339 735 427 872 544 847 212 375 703 620 347 962 436 635 327 873 651 261 853 653 429 669 760 667 677 207 383 140 249 909 328 312 954 164 494 769 681 509 156 32 427 293 289 314 748 866 427 562 684
691 532 143 489 673 291 979 856 841 275 124 891 603 364 583 407 251 245 0 590 394 1007 1133 363 853 322 461 867 871 202 448 990 711 550 864 388 730 219 85 1042 211 592 749 692 97 730 225 849 263 939 703 891 229 461 856 801 522 1052 285 782 539 951 600 368 805 850 379 851 622 531 759 249 157 384 126 1021 527 506 1017 405 502 703 520 572 141 213 615 395 326 400 895 916 667 805 664
153 735 683 197 166 426 663 463 759 649 625 442 16 433 61 326 781 691 590 0 219 719 825 792 1048 341 437 579 592 422 465 729 582 745 444 223 163 780 583 689 798 836 1004 539 493 306 372 643 334 586 677 499 806 457 750 793 640 726 309 689 736 622 135 508 252 879 266 831 125 109 513 488 480 792 480 758 697 675 635 757 294 140 183 408 551 671 707 495 427 467 761 532 923 1060 226
358 542 470 106 356 209 665 500 656 430 457 517 235 231 194 140 564 471 394 219 0 708 829 573 872 123 267 560 569 272 287 704 482 554 498 6 380 567 373 712 606 640 813 446 300 354 169 586 181 605 545 537 597 284 656 664 459 736 155 585 544 628 205 304 411 742 55 708 303 217 465 269 322 574 274 736 508 485 674 542 176 310 262 298 335 452 539 298 215 273 679 567 729 871 278
833 664 993 609 864 715 63 268 311 834 1112 331 727 643 661 616 1025 906 1007 719 708 0 126 917 749 704 546 147 139 966 564 44 315 656 301 713 801 1068 939 110 1192 725 800 321 941 414 826 173 883 147 399 239 1114 548 278 412 579 69 859 307 657 104 588 655 559 474 681 399 839 818 250 762 1005 893 887 49 627 629 163 826 537 617 893 437 878 913 539 624 680 612 237 212 766 829 492
929 778 1118 728 962 842 165 362 405 958 1238 407 831 770 769 741 1149 1030 1133 825 829 126 0 1037 828 829 673 270 264 1090 690 150 438 768 388 835 893 1192 1066 142 1318 832 891 446 1067 518 951 295 1006 238 511 328 1239 675 373 505 698 98 982 416 770 204 697 781 643 553 805 482 941 928 375 889 1130 1012 1014 123 743 747 207 944 660 713 1003 563 1004 1037 651 750 807 738 326 296 866 915 600
929 274 227 619 923 367 912 864 662 143 474 928 808 380 758 486 159 122 363 792 573 917 1037 0 523 451 438 808 805 530 406 886 603 289 888 569 954 221 291 987 396 281 406 606 407 793 454 744 546 903 531 890 265 423 687 586 338 978 554 626 283 898 738 317 934 604 526 633 869 777 706 303 505 31 370 914 299 291 985 95 567 858 796 557 277 153 399 344 372 371 735 905 333 457 759
1202 340 738 851 1212 694 781 859 441 578 976 944 1064 645 993 734 682 616 853 1048 872 749 828 523 0 764 612 722 711 968 587 706 541 325 897 872 1204 744 769 854 919 261 125 577 861 884 842 612 943 821 414 864 787 593 473 343 412 819 937 469 335 793 938 578 1071 276 816 350 1162 1086 672 671 964 493 807 719 366 391 888 452 755 1046 1134 656 727 646 341 576 670 599 512 860 190 104 901
482 428 368 180 480 85 669 534 597 308 412 569 357 120 308 88 454 354 322 341 123 704 829 451 764 0 189 559 564 268 196 692 436 442 541 120 503 465 279 727 530 524 698 407 241 409 123 560 201 622 473 569 500 200 603 589 355 742 186 529 431 638 300 188 506 661 75 636 426 338 454 148 301 451 196 724 398 373 698 418 180 416 374 267 231 337 442 188 95 168 634 595 613 756 347
591 301 453 240 599 171 522 432 409 316 571 491 453 97 385 127 504 385 461 437 267 546 673 438 612 189 0 410 413 453 33 528 254 310 453 269 596 536 393 589 647 402 567 231 402 357 306 388 390 491 284 462 580 19 415 401 203 594 374 341 301 497 339 123 512 477 214 448 549 475 302 216 480 425 345 560 261 241 573 369 151 456 528 123 332 384 274 94 135 71 448 481 488 623 332
702 573 862 461 730 575 111 160 290 712 969 243 588 506 520 470 904 783 867 579 560 147 270 808 722 559 410 0 14 819 432 149 211 568 201 566 674 942 803 180 1058 647 750 201 798 280 681 113 735 102 325 150 988 415 262 380 476 184 712 253 567 90 446 526 447 459 534 386 702 675 108 626 859 786 746 179 532 529 181 720 389 488 750 295 742 787 456 494 541 479 242 139 703 788 353
715 567 864 471 743 579 109 175 277 711 974 257 601 509 532 476 903 783 871 592 569 139 264 805 711 564 413 14 0 826 433 138 206 562 215 574 688 942 806 181 1060 641 741 199 803 294 687 100 743 111 317 164 988 417 249 368 473 181 719 242 561 93 458 527 461 447 541 373 714 687 112 629 865 784 750 169 527 525 187 717 397 501 761 299 745 788 450 495 545 481 228 152 695 778 366
502 629 336 378 480 295 927 771 862 409 203 788 433 367 430 352 446 408 202 422 272 966 1090 530 968 268 453 819 826 0 454 957 704 646 770 265 546 420 243 979 387 709 879 675 124 626 146 827 93 872 732 808 431 462 869 844 585 999 120 795 635 893 466 409 660 909 285 893 432 345 717 298 58 545 164 989 611 586 944 547 430 550 323 534 256 377 679 425 329 415 901 837 793 937 548
618 270 430 268 626 164 543 462 408 287 561 522 482 88 414 147 477 357 448 465 287 564 690 406 587 196 33 432 433 454 0 544 263 280 483 288 626 511 376 611 628 372 538 245 394 390 308 401 396 516 278 490 556 17 417 392 175 614 383 342 271 520 371 95 545 464 232 440 575 499 323 199 477 392 336 575 231 210 598 336 183 488 549 152 314 357 252 64 127 48 453 508 458 594 365
849 629 970 608 878 699 97 289 268 807 1097 359 738 625 670 605 998 880 990 729 704 44 150 886 706 692 528 149 138 957 544 0 288 620 325 710 819 1042 920 154 1171 687 758 298 926 427 816 144 876 176 363 265 1090 529 236 370 547 113 853 269 622 133 596 633 582 430 675 355 851 825 240 743 994 862 872 32 593 597 205 794 531 633 899 424 858 888 502 602 663 592 193 240 726 786 502
727 361 682 409 747 425 309 320 178 519 824 404 595 350 520 357 710 591 711 582 482 315 438 603 541 436 254 211 206 704 263 288 0 356 357 486 715 754 637 385 885 437 551 42 656 351 558 143 634 313 127 331 801 250 173 222 267 375 615 107 355 300 451 347 540 310 440 252 706 654 133 462 734 580 599 318 320 319 393 513 311 537 721 185 576 599 246 317 389 311 198 335 497 594 386
898 17 456 548 903 370 661 661 378 279 675 738 761 324 694 421 434 336 550 745 554 656 768 289 325 442 310 568 562 646 280 620 356 0 693 554 906 492 464 738 657 93 259 374 544 637 517 484 618 669 257 678 540 290 405 298 111 721 612 352 10 655 649 254 810 318 498 344 852 771 480 347 646 259 488 645 49 70 749 193 460 764 815 388 414 360 117 256 347 281 454 686 178 316 631
540 693 892 391 573 586 239 40 482 769 948 46 449 532 393 458 955 837 864 444 498 301 388 888 897 541 453 201 215 770 483 325 357 693 0 504 504 982 815 248 1070 782 907 326 780 146 651 309 679 154 484 61 1023 465 457 563 587 291 652 433 689 196 326 577 258 647 492 576 555 551 224 649 819 872 738 347 649 640 191 812 362 325 626 331 759 833 595 547 559 523 441 92 849 951 230
361 541 464 112 359 206 670 506 659 426 451 523 239 230 200 142 559 467 388 223 6 713 835 569 872 120 269 566 574 265 288 710 486 554 504 0 384 562 367 718 600 639 812 450 294 360 162 590 174 611 548 543 592 286 659 666 459 742 149 588 544 634 211 303 417 745 55 711 305 218 470 266 316 570 268 741 508 484 680 539 180 316 262 302 329 447 540 298 214 273 683 573 728 870 284
54 896 834 357 92 588 741 534 889 810 748 487 147 596 211 489 935 850 730 163 380 801 893 954 1204 503 596 674 688 546 626 819 715 906 504 384 0 930 733 751 932 997 1164 672 634 394 522 754 467 658 820 566 953 616 876 933 799 795 445 821 897 698 267 671 255 1020 429 967 118 200 627 650 604 954 629 845 857 836 690 920 448 186 237 553 706 828 862 658 590 629 881 597 1084 1220 332
895 475 97 645 880 399 1052 966 846 235 294 1016 794 449 762 532 62 164 219 780 567 1068 1192 221 744 465 536 942 942 420 511 1042 754 492 982 562 930 0 197 1122 175 499 626 747 304 864 408 897 471 1027 708 997 48 528 867 782 511 1122 489 800 484 1031 764 416 970 811 536 831 828 735 834 333 376 251 300 1072 489 474 1109 304 627 877 732 659 234 154 589 447 423 465 913 1017 554 675 810
698 446 101 457 684 230 915 803 761 191 210 845 597 297 567 357 208 169 85 583 373 939 1066 291 769 279 393 803 806 243 376 920 637 464 815 367 733 197 0 980 256 508 667 621 119 688 211 777 278 879 623 837 224 391 777 718 439 987 294 704 454 889 573 291 780 766 346 768 631 538 694 177 214 310 103 951 442 420 959 324 453 683 539 509 61 137 530 320 262 327 818 861 584 724 627
788 745 1042 608 822 751 77 226 414 892 1139 265 695 683 635 639 1084 964 1042 689 712 110 142 987 854 727 589 180 181 979 611 154 385 738 248 718 751 1122 980 0 1235 813 899 380 968 384 847 256 892 107 486 189 1168 594 381 514 653 53 867 400 738 91 565 706 500 580 694 505 803 794 287 804 1023 965 918 154 706 705 66 898 551 573 870 470 919 967 623 674 717 658 343 157 861 931 468
890 640 206 701 868 486 1169 1059 995 384 198 1098 810 552 794 611 238 321 211 798 606 1192 1318 396 919 530 647 1058 1060 387 628 1171 885 657 1070 600 932 175 256 1235 0 672 801 872 307 939 437 1027 465 1135 856 1093 136 643 1014 939 662 1242 489 943 648 1144 812 538 1017 974 590 989 819 731 949 431 331 426 336 1202 648 631 1215 475 707 914 711 765 315 300 746 568 518 579 1057 1117 729 851 874
988 101 481 639 992 447 736 749 430 316 715 827 852 409 786 510 438 359 592 836 640 725 832 281 261 524 402 647 641 709 372 687 437 93 782 639 997 499 508 813 672 0 173 459 600 730 589 557 690 750 326 765 545 383 461 338 205 792 687 417 101 733 742 336 904 335 585 378 940 858 565 416 704 250 547 710 142 161 828 197 553 858 899 482 465 387 191 342 428 370 509 771 88 232 725
1157 270 627 807 1163 621 823 871 489 476 869 954 1020 582 952 680 563 507 749 1004 813 800 891 406 125 698 567 750 741 879 538 758 551 259 907 812 1164 626 667 899 801 173 0 581 766 874 762 646 863 852 426 882 667 547 522 388 364 869 860 500 268 828 904 510 1055 343 757 409 1111 1030 684 588 870 377 715 775 307 329 925 344 716 1017 1072 633 630 538 318 514 602 540 566 883 86 59 879
685 376 672 369 705 403 306 291 220 514 802 373 553 328 478 325 706 586 692 539 446 321 446 606 577 407 231 201 199 675 245 298 42 374 326 450 672 747 621 380 872 459 581 0 633 310 530 156 602 298 163 305 794 230 213 264 277 375 582 149 371 291 408 334 499 352 405 295 664 613 106 444 707 585 577 330 335 330 380 519 272 494 681 148 559 592 269 303 367 293 233 312 523 626 343
596 527 214 399 578 230 909 774 799 291 171 805 506 306 487 329 324 284 97 493 300 941 1067 407 861 241 402 798 803 124 394 926 656 544 780 294 634 304 119 968 307 600 766 633 0 643 132 789 168 863 664 810 321 406 811 769 498 982 188 736 534 879 506 329 710 827 290 820 527 435 691 208 103 423 59 958 514 491 940 428 421 606 428 503 137 253 592 351 267 349 847 837 682 824 574
421 633 771 248 450 464 357 158 512 665 808 162 313 420 251 332 842 728 730 306 354 414 518 793 884 409 357 280 294 626 390 427 351 637 146 360 394 864 688 384 939 730 874 310 643 0 512 363 534 280 473 196 903 373 494 573 526 420 507 449 631 315 181 476 188 661 353 598 424 410 241 531 676 781 604 455 590 575 334 726 236 207 485 249 635 721 556 449 441 422 493 228 806 924 84
489 501 311 266 478 152 790 647 715 316 296 674 386 221 359 210 413 339 225 372 169 826 951 454 842 123 306 681 687 146 308 816 558 517 651 162 522 408 211 847 437 589 762 530 132 512 0 683 101 740 586 683 434 315 722 699 447 863 101 648 506 758 374 270 580 766 159 748 424 331 576 173 178 462 108 848 478 454 815 447 296 478 342 391 186 313 539 282 185 270 755 711 675 821 441
776 491 825 497 802 559 179 269 176 663 959 354 654 485 581 475 854 735 849 643 586 173 295 744 612 560 388 113 100 827 401 144 143 484 309 590 754 897 777 256 1027 557 646 156 789 363 683 0 750 209 230 263 945 387 149 269 405 237 729 146 485 182 508 489 542 346 550 272 768 730 129 601 861 720 733 175 454 456 278 652 410 569 802 293 716 743 368 459 523 450 133 253 605 681 424
428 602 379 287 410 250 842 681 798 412 291 696 346 314 339 277 487 427 263 334 181 883 1006 546 943 201 390 735 743 93 396 876 634 618 679 174 467 471 278 892 465 690 863 602 168 534 101 750 0 785 674 718 489 401 803 789 544 914 27 729 607 807 373 369 568 859 201 837 359 268 636 274 148 556 179 908 578 554 855 546 346 459 261 457 270 399 635 378 280 363 832 748 777 922 456
692 673 945 500 724 649 84 125 384 801 1034 184 593 583 531 534 992 872 939 586 605 147 238 903 821 622 491 102 111 872 516 176 313 669 154 611 658 1027 879 107 1135 750 852 298 863 280 740 209 785 0 428 93 1072 498 354 478 575 139 759 353 668 43 460 611 413 554 587 480 703 690 196 705 916 882 814 195 632 628 82 817 444 476 765 370 819 874 558 580 617 562 327 64 805 889 362
827 266 649 490 843 439 409 447 139 474 823 531 691 365 617 407 658 544 703 677 545 399 511 531 414 473 284 325 317 732 278 363 127 257 484 548 820 708 623 486 856 326 426 163 664 473 586 230 674 428 0 455 757 272 158 119 197 465 659 95 259 408 552 336 661 202 495 163 799 737 259 458 753 505 605 388 233 240 504 437 388 648 799 268 562 558 139 312 403 317 204 456 377 468 499
601 680 910 431 633 607 177 37 439 778 980 95 505 547 446 483 966 847 891 499 537 239 328 890 864 569 462 150 164 808 490 265 331 678 61 543 566 997 837 189 1093 765 882 305 810 196 683 263 718 93 455 0 1040 472 412 524 577 230 692 395 675 135 377 585 320 606 526 534 613 605 199 667 855 872 765 286 637 630 138 809 389 385 680 338 779 845 575 554 577 533 392 32 828 923 280
917 523 131 679 900 438 1098 1008 894 283 283 1056 820 492 792 571 107 212 229 806 597 1114 1239 265 787 500 580 988 988 431 556 1090 801 540 1023 592 953 48 224 1168 136 545 667 794 321 903 434 945 489 1072 757 1040 0 573 916 830 560 1169 509 848 532 1076 797 461 1004 859 569 879 848 756 880 374 382 296 326 1120 537 523 1154 351 666 908 749 703 269 201 638 493 464 510 961 1061 598 716 847
610 281 447 259 618 175 526 444 399 305 573 505 473 99 404 144 494 375 461 457 284 548 675 423 593 200 19 415 417 462 17 529 250 290 465 286 616 528 391 594 643 383 547 230 406 373 315 387 401 498 272 472 573 0 407 388 183 598 386 333 281 503 359 113 531 462 230 435 568 494 307 214 487 409 348 560 241 221 581 353 170 476 546 134 329 375 255 82 138 64 442 491 468 603 350
892 417 808 582 914 581 308 416 32 633 974 502 763 506 688 527 817 703 856 750 656 278 373 687 473 603 415 262 249 869 417 236 173 405 457 659 876 867 777 381 1014 461 522 213 811 494 722 149 803 354 158 412 916 407 0 134 356 348 785 74 409 322 617 487 680 200 612 125 876 827 253 608 895 660 752 254 388 397 416 592 485 693 894 359 716 717 289 461 545 461 48 402 493 550 544
943 312 733 609 960 549 439 523 101 554 923 609 807 477 733 526 727 620 801 793 664 412 505 586 343 589 401 380 368 844 392 370 222 298 563 666 933 782 718 514 939 338 388 264 769 573 699 269 789 478 119 524 830 388 134 0 279 482 775 129 303 449 667 440 762 87 614 50 916 856 342 561 861 557 710 387 293 308 545 491 507 758 918 385 659 639 193 420 514 429 178 519 362 417 607
794 107 455 443 801 294 577 557 334 278 646 631 656 235 588 321 460 347 522 640 459 579 698 338 412 355 203 476 473 585 175 547 267 111 587 459 799 511 439 653 662 205 364 277 498 526 447 405 544 575 197 577 560 183 356 279 0 641 535 290 105 566 540 176 699 329 403 329 751 673 382 290 595 314 439 575 63 53 657 246 352 654 722 277 381 362 94 167 265 187 402 587 287 420 520
831 729 1045 634 863 760 73 264 381 890 1153 312 733 690 671 654 1082 962 1052 726 736 69 98 978 819 742 594 184 181 999 614 113 375 721 291 742 795 1122 987 53 1242 792 869 375 982 420 863 237 914 139 465 230 1169 598 348 482 641 0 890 375 722 107 599 707 547 543 714 469 842 829 292 810 1041 955 930 106 691 692 119 887 570 615 905 480 926 967 605 676 726 662 306 198 835 899 502
407 597 395 261 390 243 818 655 781 417 318 669 321 302 312 258 502 436 285 309 155 859 982 554 937 186 374 712 719 120 383 853 615 612 652 149 445 489 294 867 489 687 860 582 188 507 101 729 27 759 659 692 509 386 785 775 535 890 0 712 602 782 346 361 541 847 179 822 339 246 613 273 175 563 192 885 572 547 829 549 322 432 246 436 281 409 625 368 270 352 813 722 774 920 428
835 361 737 516 855 507 323 393 71 564 900 479 702 431 628 454 750 635 782 689 585 307 416 626 469 529 341 253 242 795 342 269 107 352 433 588 821 800 704 400 943 417 500 149 736 449 648 146 729 353 95 395 848 333 74 129 290 375 712 0 354 328 558 413 638 214 540 149 814 761 214 534 820 600 678 293 329 335 425 532 416 642 827 290 643 648 234 387 470 387 113 391 460 536 491
888 8 447 539 894 359 661 657 382 269 664 734 752 314 686 412 426 327 539 736 544 657 770 283 335 431 301 567 561 635 271 622 355 10 689 544 897 484 454 738 648 101 268 371 534 631 506 485 607 668 259 675 532 281 409 303 105 722 602 354 0 655 641 243 803 327 488 350 842 761 478 336 635 254 477 647 41 60 748 187 452 756 805 382 404 350 120 246 336 272 457 684 186 326 624
731 661 950 526 763 660 42 164 353 801 1050 227 629 592 565 549 993 873 951 622 628 104 204 898 793 638 497 90 93 893 520 133 300 655 196 634 698 1031 889 91 1144 733 828 291 879 315 758 182 807 43 408 135 1076 503 322 449 566 107 782 328 655 0 493 615 455 522 607 448 739 723 196 713 935 877 828 151 621 619 96 810 463 515 799 379 828 876 542 583 626 567 291 108 785 864 396
276 641 667 120 297 376 534 340 628 598 660 333 146 361 74 252 754 651 600 135 205 588 697 738 938 300 339 446 458 466 371 596 451 649 326 211 267 764 573 565 812 742 904 408 506 181 374 508 373 460 552 377 797 359 617 667 540 599 346 558 641 493 0 432 206 753 228 702 260 230 378 444 521 733 478 625 600 580 515 689 188 120 305 285 530 636 597 413 366 384 627 409 827 959 97
657 240 337 318 659 118 636 556 473 192 487 615 524 74 464 183 381 261 368 508 304 655 781 317 578 188 123 526 527 409 95 633 347 254 577 303 671 416 291 706 538 336 510 334 329 476 270 489 369 611 336 585 461 113 487 440 176 707 361 413 243 615 432 0 620 500 249 490 606 522 418 121 422 307 270 664 211 186 694 257 252 552 562 247 230 262 269 31 92 54 527 604 425 568 443
299 805 874 325 335 579 497 293 699 797 859 235 248 554 230 449 959 853 805 252 411 559 643 934 1071 506 512 447 461 660 545 582 540 810 258 417 255 970 780 500 1017 904 1055 499 710 188 580 542 568 413 661 320 1004 531 680 762 699 547 541 638 803 455 206 620 0 850 434 787 331 359 426 647 717 927 684 606 762 745 437 878 368 112 428 423 736 840 738 597 565 568 675 349 984 1106 180
1029 335 771 692 1046 614 508 607 169 592 975 693 893 545 819 603 753 653 850 879 742 474 553 604 276 661 477 459 447 909 464 430 310 318 647 745 1020 811 766 580 974 335 343 352 827 661 766 346 859 554 202 606 859 462 200 87 329 543 847 214 327 522 753 500 850 0 691 75 1001 939 428 619 923 574 768 443 327 346 617 510 590 846 999 470 710 675 236 484 581 496 236 599 336 362 695
410 486 439 111 410 159 641 489 610 383 455 515 282 175 233 87 528 429 379 266 55 681 805 526 816 75 214 534 541 285 232 675 440 498 492 55 429 536 346 694 590 585 757 405 290 353 159 550 201 587 495 526 569 230 612 614 403 714 179 540 488 607 228 249 434 691 0 659 357 273 434 224 329 525 254 707 452 429 659 491 144 342 318 258 302 412 484 242 162 217 638 554 673 815 284
978 359 783 649 997 598 433 536 95 604 974 622 844 526 770 571 775 669 851 831 708 399 482 633 350 636 448 386 373 893 440 355 252 344 576 711 967 831 768 505 989 378 409 295 820 598 748 272 837 480 163 534 879 435 125 50 329 469 822 149 350 448 702 490 787 75 659 0 955 897 362 611 911 603 760 369 342 357 542 537 548 789 960 425 710 688 242 470 564 478 162 525 393 433 638
70 840 733 312 54 511 781 578 885 726 633 547 114 532 187 430 837 760 622 125 303 839 941 869 1162 426 549 702 714 432 575 851 706 852 555 305 118 828 631 803 819 940 1111 664 527 424 424 768 359 703 799 613 848 568 876 916 751 842 339 814 842 739 260 606 331 1001 357 955 0 93 638 567 490 872 528 879 804 782 746 844 412 232 118 530 610 736 822 597 519 570 887 645 1028 1169 348
160 759 640 247 146 422 764 568 833 635 548 551 110 448 158 351 744 667 531 109 217 818 928 777 1086 338 475 675 687 345 499 825 654 771 551 218 200 735 538 794 731 858 1030 613 435 410 331 730 268 690 737 605 756 494 827 856 673 829 246 761 761 723 230 522 359 939 273 897 93 0 601 476 403 781 435 855 724 701 742 755 349 248 75 472 517 643 749 515 432 489 842 637 946 1088 327
648 483 754 372 672 467 220 187 272 605 862 271 524 397 451 366 797 677 759 513 465 250 375 706 672 454 302 108 112 717 323 240 133 480 224 470 627 834 694 287 949 565 684 106 691 241 576 129 636 196 259 199 880 307 253 342 382 292 613 214 478 196 378 418 426 428 434 362 638 601 0 518 755 686 638 272 441 435 279 621 290 442 673 187 633 680 375 387 433 371 253 206 628 727 295
626 331 243 323 621 68 738 635 595 160 366 682 504 121 457 200 313 207 249 488 269 762 889 303 671 148 216 626 629 298 199 743 462 347 649 266 650 333 177 804 431 416 588 444 208 531 173 601 274 705 458 667 374 214 608 561 290 810 273 534 336 713 444 121 647 619 224 611 567 476 518 0 304 305 149 774 312 288 785 280 294 562 502 334 115 193 384 146 90 151 647 689 502 647 480
560 629 298 428 537 314 968 818 885 394 145 839 491 389 487 389 408 383 157 480 322 1005 1130 505 964 301 480 859 865 58 477 994 734 646 819 316 604 376 214 1023 331 704 870 707 103 676 178 861 148 916 753 855 382 487 895 861 595 1041 175 820 635 935 521 422 717 923 329 911 490 403 755 304 0 523 158 1026 614 591 989 531 472 607 380 569 240 351 689 441 350 435 929 884 785 928 600
932 245 252 615 927 366 890 847 634 146 499 913 808 373 756 481 189 140 384 792 574 893 1012 31 493 451 425 786 784 545 392 862 580 259 872 570 954 251 310 965 426 250 377 585 423 781 462 720 556 882 505 872 296 409 660 557 314 955 563 600 254 877 733 307 927 574 525 603 872 781 686 305 523 0 383 889 272 265 965 68 559 854 803 542 290 172 371 332 368 360 708 887 303 429 750
595 471 204 365 581 174 857 730 741 245 225 765 494 249 467 281 309 249 126 480 274 887 1014 370 807 196 345 746 750 164 336 872 599 488 738 268 629 300 103 918 336 547 715 577 59 604 108 733 179 814 605 765 326 348 752 710 439 930 192 678 477 828 478 270 684 768 254 760 528 435 638 149 158 383 0 904 457 433 892 382 376 584 438 450 93 220 533 292 210 291 789 790 630 773 538
875 654 1000 639 905 731 111 313 286 837 1129 379 766 657 699 637 1028 909 1021 758 736 49 123 914 719 724 560 179 169 989 575 32 318 645 347 741 845 1072 951 154 1202 710 775 330 958 455 848 175 908 195 388 286 1120 560 254 387 575 106 885 293 647 151 625 664 606 443 707 369 879 855 272 774 1026 889 904 0 620 624 211 821 563 660 929 457 890 918 527 633 695 623 209 259 746 802 531
849 43 444 499 855 328 629 619 363 264 652 694 713 279 646 374 434 328 527 697 508 627 743 299 366 398 261 532 527 611 231 593 320 49 649 508 857 489 442 706 648 142 307 335 514 590 478 454 578 632 233 637 537 241 388 293 63 691 572 329 41 621 600 211 762 327 452 342 804 724 441 312 614 272 457 620 0 24 713 203 411 715 769 341 388 348 101 210 303 235 436 647 227 364 583
827 60 426 478 833 304 628 610 373 246 630 684 691 255 625 351 421 312 506 675 485 629 747 291 391 373 241 529 525 586 210 597 319 70 640 484 836 474 420 705 631 161 329 330 491 575 454 456 554 628 240 630 523 221 397 308 53 692 547 335 60 619 580 186 745 346 429 357 782 701 435 288 591 265 433 624 24 0 710 197 392 696 746 326 366 331 115 186 279 211 444 641 247 386 566
729 754 1026 568 763 729 111 176 448 883 1110 202 640 664 584 611 1074 954 1017 635 674 163 207 985 888 698 573 181 187 944 598 205 393 749 191 680 690 1109 959 66 1215 828 925 380 940 334 815 278 855 82 504 138 1154 581 416 545 657 119 829 425 748 96 515 694 437 617 659 542 746 742 279 785 989 965 892 211 713 710 0 899 519 515 817 451 900 956 637 662 697 644 383 107 881 960 418
901 178 286 573 898 333 822 785 566 137 525 853 773 328 717 438 244 164 405 757 542 826 944 95 452 418 369 720 717 547 336 794 513 193 812 539 920 304 324 898 475 197 344 519 428 726 447 652 546 817 437 809 351 353 592 491 246 887 549 532 187 810 689 257 878 510 491 537 844 755 621 280 531 68 382 821 203 197 899 0 509 810 782 483 291 194 303 280 329 309 639 823 263 400 699
447 452 534 101 459 227 497 354 487 433 591 391 309 188 238 96 606 494 502 294 176 537 660 567 755 180 151 389 397 430 183 531 311 460 362 180 448 627 453 551 707 553 716 272 421 236 296 410 346 444 388 389 666 170 485 507 352 570 322 416 452 463 188 252 368 590 144 548 412 349 290 294 472 559 376 563 411 392 519 509 0 305 412 125 399 485 413 229 205 200 506 415 638 772 191
216 757 779 239 248 495 557 351 708 718 751 315 138 481 120 372 870 769 703 140 310 617 713 858 1046 416 456 488 501 550 488 633 537 764 325 316 186 877 683 573 914 858 1017 494 606 207 478 569 459 476 648 385 908 476 693 758 654 615 432 642 756 515 120 552 112 846 342 789 232 248 442 562 607 854 584 660 715 696 515 810 305 0 319 389 643 753 706 533 486 503 696 416 941 1071 150
187 802 640 311 159 454 839 643 899 656 520 625 182 491 234 402 748 681 520 183 262 893 1003 796 1134 374 528 750 761 323 549 899 721 815 626 262 237 732 539 870 711 899 1072 681 428 485 342 802 261 765 799 680 749 546 894 918 722 905 246 827 805 799 305 562 428 999 318 960 118 75 673 502 380 803 438 929 769 746 817 782 412 319 0 537 526 655 802 559 470 535 911 713 987 1130 402
559 384 575 225 575 280 407 309 362 440 674 371 422 213 348 181 628 509 572 408 298 437 563 557 656 267 123 295 299 534 152 424 185 388 331 302 553 659 509 470 765 482 633 148 503 249 391 293 457 370 268 338 703 134 359 385 277 480 436 290 382 379 285 247 423 470 258 425 530 472 187 334 569 542 450 457 341 326 451 483 125 389 537 0 449 507 317 216 247 195 381 358 561 685 246
675 397 137 411 664 172 854 746 701 154 264 790 566 236 529 303 230 156 141 551 335 878 1004 277 727 231 332 742 745 256 314 858 576 414 759 329 706 234 61 919 315 465 630 559 137 635 186 716 270 819 562 779 269 329 716 659 381 926 281 643 404 828 530 230 736 710 302 710 610 517 633 115 240 290 93 890 388 366 900 291 399 643 526 449 0 128 474 258 203 266 757 803 545 687 578
800 342 96 515 790 261 897 815 697 84 331 869 686 301 644 393 121 32 213 671 452 913 1037 153 646 337 384 787 788 377 357 888 599 360 833 447 828 154 137 967 300 387 538 592 253 721 313 743 399 874 558 845 201 375 717 639 362 967 409 648 350 876 636 262 840 675 412 688 736 643 680 193 351 172 220 918 348 331 956 194 485 753 655 507 128 0 446 293 279 312 762 865 458 593 673
861 128 541 511 871 386 546 561 263 361 739 641 723 323 651 399 535 427 615 707 539 539 651 399 341 442 274 456 450 679 252 502 246 117 595 540 862 589 530 623 746 191 318 269 592 556 539 368 635 558 139 575 638 255 289 193 94 605 625 234 120 542 597 269 738 236 484 242 822 749 375 384 689 371 533 527 101 115 637 303 413 706 802 317 474 446 0 256 355 274 337 580 254 368 563
646 243 368 302 650 130 605 526 448 223 513 585 511 68 449 169 412 293 395 495 298 624 750 344 576 188 94 494 495 425 64 602 317 256 547 298 658 447 320 674 568 342 514 303 351 449 282 459 378 580 312 554 493 82 461 420 167 676 368 387 246 583 413 31 597 484 242 470 597 515 387 146 441 332 292 633 210 186 662 280 229 533 559 216 258 293 256 0 98 29 500 573 431 572 418
572 333 333 247 572 36 653 544 535 232 435 592 443 39 388 115 401 289 326 427 215 680 807 372 670 95 135 541 545 329 127 663 389 347 559 214 590 423 262 717 518 428 602 367 267 441 185 523 280 617 403 577 464 138 545 514 265 726 270 470 336 626 366 92 565 581 162 564 519 432 433 90 350 368 210 695 303 279 697 329 205 486 470 247 203 279 355 98 0 85 580 600 517 660 394
618 269 383 273 622 121 590 503 451 246 514 561 483 49 420 141 433 314 400 467 273 612 738 371 599 168 71 479 481 415 48 592 311 281 523 273 629 465 327 658 579 370 540 293 349 422 270 450 363 562 317 533 510 64 461 429 187 662 352 387 272 567 384 54 568 496 217 478 570 489 371 151 435 360 291 623 235 211 644 309 200 503 535 195 266 312 274 29 85 0 498 553 457 598 390
900 465 851 601 924 617 272 401 79 678 1012 485 773 541 699 555 863 748 895 761 679 237 326 735 512 634 448 242 228 901 453 193 198 454 441 683 881 913 818 343 1057 509 566 233 847 493 755 133 832 327 204 392 961 442 48 178 402 306 813 113 457 291 627 527 675 236 638 162 887 842 253 647 929 708 789 209 436 444 383 639 506 696 911 381 757 762 337 500 580 498 0 378 540 593 548
632 689 932 461 665 630 149 69 430 796 1007 119 537 569 478 509 985 866 916 532 567 212 296 905 860 595 481 139 152 837 508 240 335 686 92 573 597 1017 861 157 1117 771 883 312 837 228 711 253 748 64 456 32 1061 491 402 519 587 198 722 391 684 108 409 604 349 599 554 525 645 637 206 689 884 887 790 259 647 641 107 823 415 416 713 358 803 865 580 573 600 553 378 0 832 923 312
1075 188 548 726 1080 535 784 815 461 393 788 895 939 498 872 598 492 427 667 923 729 766 866 333 190 613 488 703 695 793 458 726 497 178 849 728 1084 554 584 861 729 88 86 523 682 806 675 605 777 805 377 828 598 468 493 362 287 835 774 460 186 785 827 425 984 336 673 393 1028 946 628 502 785 303 630 746 227 247 881 263 638 941 987 561 545 458 254 431 517 457 540 832 0 145 806
1213 329 680 863 1220 680 856 915 518 534 925 998 1077 640 1008 738 613 562 805 1060 871 829 915 457 104 756 623 788 778 937 594 786 594 316 951 870 1220 675 724 931 851 232 59 626 824 924 821 681 922 889 468 923 716 603 550 417 420 899 920 536 326 864 959 568 1106 362 815 433 1169 1088 727 647 928 429 773 802 364 386 960 400 772 1071 1130 685 687 593 368 572 660 598 593 923 145 0 931
352 625 715 175 378 412 437 242 558 624 735 241 235 379 169 279 793 684 664 226 278 492 600 759 901 347 332 353 366 548 365 502 386 631 230 284 332 810 627 468 874 725 879 343 574 84 441 424 456 362 499 280 847 350 544 607 520 502 428 491 624 396 97 443 180 695 284 638 348 327 295 480 600 750 538 531 583 566 418 699 191 150 402 246 578 673 563 418 394 390 548 312 806 931 0
