152
0 683 607 241 381 249 412 405 619 573 214 263 413 682 233 407 623 368 438 376 110 791 624 767 632 690 547 190 566 424 614 383 253 659 317 744 473 805 130 299 332 501 552 533 513 243 536 534 258 799 813 326 458 202 465 449 124 537 206 257 151 593 154 280 400 471 436 156 533 383 278 626 250 51 780 673 575 390 889 632 509 469 488 402 262 478 263 681 482 407 226 339 435 718 628 247 385 293 627 241 371 708 229 724 314 132 758 782 210 731 563 370 687 519 190 436 378 205 180 218 660 661 258 78 415 72 151 775 420 484 522 458 648 420 594 602 397 364 448 56 265 732 799 286 340 223 159 501 177 323 634 281
683 0 748 916 319 909 543 405 916 448 742 443 383 71 795 468 501 405 1076 455 592 264 634 219 99 377 478 816 528 920 286 1016 757 455 975 228 263 953 806 551 986 1099 132 1006 486 512 898 444 933 756 283 359 278 497 447 293 705 990 888 939 535 595 831 454 790 346 433 822 525 771 916 721 433 735 267 531 808 603 264 738 1101 1137 1021 314 576 684 854 496 1088 809 734 498 397 629 894 444 1004 547 848 457 566 469 524 944 409 578 641 766 723 503 122 587 328 663 700 826 565 613 741 482 771 84 510 650 1022 631 682 420 1097 235 383 1052 180 642 110 986 288 907 391 627 557 807 857 399 524 491 799 900 506 992 540 601
607 748 0 657 524 614 249 802 199 307 817 488 400 691 840 851 274 763 655 813 525 631 139 645 649 437 271 789 224 387 476 612 395 342 642 613 510 224 616 337 636 602 662 398 262 720 242 304 667 227 641 611 499 639 310 748 495 370 673 759 550 163 627 443 263 822 853 734 223 265 575 46 586 625 617 279 95 230 769 36 594 765 473 501 790 129 489 319 607 273 827 340 373 227 165 524 582 345 108 505 880 368 716 195 463 652 262 200 418 357 694 254 479 1044 786 259 885 761 461 643 53 670 409 529 572 637 745 475 773 729 365 569 584 190 643 306 580 439 372 585 367 126 192 555 318 669 756 278 578 679 242 822
241 916 657 0 602 48 541 642 592 728 351 478 602 908 330 636 763 607 214 608 323 994 721 976 856 865 693 251 696 333 807 172 265 813 88 950 686 810 111 443 107 303 784 424 657 478 497 691 17 878 1015 563 670 443 625 690 224 441 48 113 381 702 87 481 398 711 669 182 664 392 100 690 487 193 982 807 593 494 1103 690 315 228 345 618 478 543 171 826 280 393 370 499 615 826 615 472 189 441 637 461 582 862 464 712 522 371 868 855 258 878 798 484 873 706 357 417 589 416 218 460 709 886 438 266 224 309 335 945 181 725 697 270 860 504 821 531 627 259 628 294 417 780 840 517 488 464 229 451 414 83 763 487
381 319 524 602 0 592 279 296 653 303 494 124 127 305 541 356 369 263 756 322 280 416 453 388 253 358 304 541 349 610 257 696 439 369 657 367 97 748 495 246 667 781 190 703 287 288 616 272 619 620 439 113 86 231 226 224 386 691 578 638 230 410 520 136 492 300 347 532 328 471 597 513 151 431 406 418 556 324 507 528 783 819 709 33 368 424 534 405 769 510 492 204 160 502 640 133 685 240 605 141 418 411 294 710 91 303 532 617 404 443 213 303 338 570 451 531 421 378 421 222 563 283 193 336 703 342 421 441 783 207 222 734 269 369 218 703 56 591 166 324 244 619 682 103 231 244 518 608 212 676 398 401
249 909 614 48 592 0 510 654 544 699 385 467 582 897 368 653 731 618 190 624 318 975 683 959 845 839 663 290 663 284 786 139 227 783 67 932 672 763 122 417 82 267 777 376 626 492 449 663 54 836 995 562 656 450 598 695 207 392 89 162 379 665 101 465 353 721 684 218 631 348 52 648 486 205 962 774 548 459 1088 648 278 227 299 605 499 503 125 794 245 347 404 474 593 789 568 465 150 416 590 452 605 832 478 665 509 382 831 813 226 846 793 451 849 736 386 370 612 437 189 466 666 875 419 260 185 320 360 918 193 727 672 231 844 467 811 483 621 210 606 297 393 736 796 512 462 473 265 403 415 85 729 511
412 543 249 541 279 510 0 552 379 190 607 241 164 498 638 602 222 513 621 564 311 503 217 500 449 338 152 603 157 402 315 565 290 273 560 469 284 474 465 113 562 609 437 472 116 479 355 157 556 395 519 361 270 398 106 500 330 454 540 621 319 182 484 196 258 573 604 560 124 242 490 247 339 444 489 268 278 65 633 260 606 713 506 260 552 146 404 284 604 278 614 92 145 305 362 277 542 119 326 260 636 321 476 431 213 425 346 383 284 336 467 61 358 799 570 289 641 531 323 400 294 476 171 335 548 423 531 411 698 486 187 565 406 98 432 443 335 412 151 375 146 358 424 306 76 427 571 359 340 591 225 585
405 405 802 642 296 654 552 0 900 598 369 317 422 444 422 66 664 41 843 51 370 625 745 584 413 631 600 465 645 785 521 787 599 659 721 576 365 1026 533 479 737 901 309 892 582 163 843 569 658 916 647 192 363 213 520 114 490 888 601 624 309 703 556 361 705 75 51 496 621 684 682 798 224 449 621 713 817 581 665 811 908 869 868 327 191 688 653 697 883 719 356 463 455 798 894 285 787 471 870 305 160 698 178 976 339 272 828 912 553 732 296 557 600 282 333 745 159 246 546 199 846 433 406 418 815 334 330 708 814 173 516 856 481 626 374 925 249 741 462 362 459 907 972 247 487 185 459 823 268 725 694 208
619 916 199 592 653 544 379 900 0 493 832 584 544 865 842 939 470 859 529 901 567 825 338 835 820 632 453 778 412 268 658 500 368 538 551 803 662 224 586 422 541 453 816 231 435 789 95 482 598 391 835 719 649 709 469 867 494 202 621 704 610 358 589 544 218 934 949 713 402 235 496 243 676 620 810 478 112 329 962 230 442 643 322 637 847 233 423 517 464 213 845 451 522 423 38 615 467 430 95 595 948 566 782 121 575 700 454 361 408 557 847 351 671 1110 809 185 954 805 444 718 217 843 494 550 447 668 769 674 667 860 537 431 763 284 807 115 709 338 526 615 441 259 294 657 423 741 746 142 647 590 440 875
573 448 307 728 303 699 190 598 493 0 747 342 185 387 785 659 66 566 811 625 465 334 185 342 349 151 42 761 82 581 169 755 481 86 750 310 244 505 645 286 752 794 381 638 75 575 500 38 743 326 347 414 240 503 108 514 510 615 723 802 451 147 665 306 434 594 649 728 92 420 680 275 427 613 319 115 381 250 471 292 790 903 684 271 655 278 595 109 790 453 750 236 153 202 464 377 732 289 413 367 718 135 577 501 293 553 229 329 473 158 414 251 181 872 706 458 721 650 510 500 324 367 315 501 736 568 669 221 888 479 82 751 277 265 349 583 350 599 143 528 316 358 412 381 241 525 732 516 458 781 99 689
214 742 817 351 494 385 607 369 832 747 0 407 569 761 53 336 803 350 566 322 296 907 824 875 717 842 727 110 754 622 750 522 464 829 440 857 592 1019 275 495 459 652 620 729 695 230 748 708 363 1001 930 399 580 263 640 459 337 737 303 288 295 789 287 440 613 444 375 170 722 597 431 834 342 214 898 855 789 594 982 841 664 556 670 524 177 688 449 856 630 619 19 523 596 911 842 376 536 488 842 381 254 877 217 939 459 195 950 986 423 904 621 573 829 356 43 648 260 128 389 273 870 744 439 288 570 183 77 927 491 512 682 616 757 629 677 809 486 555 609 233 462 942 1009 391 531 256 123 710 291 428 819 166
263 443 488 478 124 467 241 317 584 342 407 0 161 430 449 362 402 277 633 324 157 528 449 505 378 437 328 436 362 502 352 573 324 422 532 481 211 711 372 162 542 662 312 602 299 241 532 305 495 627 550 136 195 163 240 288 261 593 455 518 117 410 396 44 399 350 368 418 332 377 472 488 98 312 517 454 499 263 628 500 665 694 598 140 318 371 412 452 649 415 408 148 190 521 577 37 562 154 552 25 396 470 240 658 53 211 557 618 285 498 331 239 429 558 365 439 400 307 298 163 534 408 91 212 582 236 330 522 658 294 275 615 386 308 343 617 159 476 202 208 145 599 665 73 170 189 410 517 116 551 423 352
413 383 400 602 127 582 164 422 544 185 569 161 0 345 610 479 249 387 725 444 303 392 325 378 294 277 179 594 223 541 204 666 392 262 642 350 120 623 506 177 648 732 273 623 160 389 517 150 619 494 412 232 106 318 98 351 378 607 588 659 276 282 529 133 407 428 473 570 200 388 576 387 242 458 380 300 441 221 509 402 733 803 644 101 469 311 500 293 724 427 570 119 33 378 526 193 649 175 487 187 533 309 392 590 109 373 410 490 368 338 303 204 274 690 527 443 537 466 396 314 437 322 164 349 661 396 492 362 776 328 113 686 268 262 272 605 182 536 42 362 192 492 554 195 143 339 567 517 277 667 275 503
682 71 691 908 305 897 498 444 865 387 761 430 345 0 813 509 437 438 1057 492 585 197 572 152 52 306 420 827 468 886 220 997 731 388 962 158 230 892 800 520 971 1074 141 968 432 532 853 387 925 688 217 366 247 507 398 330 690 951 883 939 531 534 825 434 752 392 478 827 468 733 900 662 436 733 198 464 756 561 222 679 1075 1124 989 293 602 635 833 428 1063 771 754 464 354 562 842 436 984 517 794 447 604 399 544 887 389 586 572 699 701 433 148 547 257 712 718 786 604 634 722 493 711 23 487 641 999 636 696 348 1088 270 328 1027 112 597 87 941 286 879 347 626 529 744 793 396 489 506 808 858 507 981 475 630
233 795 840 330 541 368 638 422 842 785 53 449 610 813 0 387 840 403 542 374 326 956 854 925 768 886 764 78 788 621 795 502 473 868 418 906 639 1036 269 525 437 633 672 725 731 283 755 747 339 1030 978 449 627 311 678 512 350 735 282 253 334 821 276 480 624 497 427 149 756 609 416 859 390 221 947 891 806 621 1032 865 645 523 661 570 230 711 445 895 610 628 66 558 637 944 855 419 518 519 858 423 302 917 270 952 502 239 983 1014 435 943 673 601 874 390 94 657 308 181 398 322 893 795 474 310 553 217 120 971 456 565 724 599 806 653 728 812 535 551 650 263 492 965 1032 438 564 307 104 715 334 401 855 217
407 468 851 636 356 653 602 66 939 659 336 362 479 509 387 0 725 92 843 38 390 691 801 651 479 697 659 438 702 807 587 789 621 722 719 643 430 1074 531 521 735 908 376 915 639 165 876 628 651 973 714 247 427 234 576 180 505 913 592 606 334 759 553 407 736 125 40 478 678 716 685 849 265 447 687 775 860 625 729 862 916 861 885 388 163 733 664 760 889 750 321 510 513 857 935 327 792 513 913 347 100 762 178 1019 390 276 888 968 574 795 361 601 666 216 304 777 98 224 562 223 896 499 447 432 822 335 309 774 802 239 578 864 548 670 441 956 312 758 520 371 498 959 1024 295 533 202 438 853 295 719 754 169
623 501 274 763 369 731 222 664 470 66 803 402 249 437 840 725 0 632 831 691 516 357 140 372 402 163 76 813 70 588 216 777 508 68 779 341 309 456 686 328 779 805 443 635 110 638 489 98 778 262 366 480 306 564 163 580 551 610 762 843 507 111 705 364 441 660 715 776 100 431 708 237 490 660 342 51 358 273 494 254 801 928 689 337 717 275 622 62 803 459 807 284 216 137 438 438 752 333 383 427 782 106 640 463 354 611 163 267 505 115 475 279 205 938 764 460 786 710 545 562 282 418 367 549 753 623 726 210 917 544 149 764 325 277 406 568 416 615 206 580 360 307 356 445 284 587 782 511 517 811 38 752
368 405 763 607 263 618 513 41 859 566 350 277 387 438 403 92 632 0 806 60 329 612 709 573 403 607 567 440 610 744 498 750 557 630 685 563 339 987 498 438 701 862 299 850 547 131 801 536 623 881 635 155 335 173 484 112 450 846 567 594 268 667 521 320 663 103 90 467 586 642 644 760 183 414 607 682 777 540 661 773 869 835 828 296 174 648 613 667 845 678 338 423 420 765 853 244 749 430 829 264 168 670 146 935 301 236 796 877 512 703 290 516 578 307 311 704 169 223 505 158 807 425 365 378 777 298 304 685 782 170 485 817 466 586 363 883 220 701 428 324 418 869 934 207 447 146 432 781 227 690 661 196
438 1076 655 214 756 190 621 843 529 811 566 633 725 1057 542 843 831 806 0 814 494 1114 754 1103 1005 959 771 463 760 269 923 60 335 891 126 1074 828 753 312 549 108 108 946 310 736 682 439 778 203 882 1132 740 811 636 721 879 374 336 262 298 558 746 291 623 399 909 874 396 731 405 163 697 666 395 1100 867 571 560 1235 692 122 114 213 765 689 570 225 893 85 385 585 609 730 861 562 637 78 550 601 622 795 936 667 649 668 571 901 855 358 945 964 560 977 921 572 396 801 627 335 652 701 1034 570 438 83 509 549 1032 151 907 800 102 993 553 973 436 791 219 741 483 533 764 814 686 590 660 443 392 596 141 820 700
376 455 813 608 322 624 564 51 901 625 322 324 444 492 374 38 691 60 814 0 354 670 764 630 459 667 624 420 666 771 558 759 585 690 690 621 399 1036 502 483 706 876 356 879 603 132 839 593 624 937 693 211 395 197 540 162 471 876 566 584 297 723 524 369 699 124 60 456 641 678 654 811 227 418 665 740 822 587 714 824 884 835 850 354 145 695 631 727 858 713 308 472 477 822 897 289 761 475 875 309 111 730 146 981 353 244 854 932 538 763 344 563 638 248 287 739 111 203 528 185 858 480 409 398 790 304 288 746 778 222 544 832 524 632 420 919 280 723 485 338 460 921 987 258 495 166 417 816 257 691 719 159
110 592 525 323 280 318 311 370 567 465 296 157 303 585 326 390 516 329 494 354 0 684 527 662 533 580 440 296 462 416 504 435 230 550 385 638 368 735 215 199 396 538 460 524 406 228 495 426 341 705 706 246 353 157 356 387 123 522 298 360 64 494 240 171 354 426 411 267 429 335 331 539 171 156 673 567 508 299 785 548 544 545 498 298 279 397 286 573 522 366 304 232 324 617 571 148 430 192 561 138 382 599 219 663 206 132 657 690 183 623 475 277 577 543 261 394 389 239 176 171 578 563 149 57 454 112 221 664 504 412 412 492 543 335 497 570 303 371 338 64 166 648 716 194 237 188 267 467 104 400 529 307
791 264 631 994 416 975 503 625 825 334 907 528 392 197 956 691 357 612 1114 670 684 0 496 45 213 194 376 957 413 905 191 1055 779 291 1034 49 319 801 895 564 1040 1111 315 969 402 687 834 354 1011 567 23 509 333 644 397 511 770 948 978 1045 643 468 918 515 760 581 663 945 427 745 967 593 566 840 14 362 712 568 137 610 1109 1195 1009 390 763 612 890 321 1105 779 903 505 384 452 794 547 1036 564 740 550 781 278 696 819 477 718 449 585 758 303 334 562 153 901 863 787 781 785 788 633 637 199 556 736 1045 758 836 189 1169 454 316 1066 149 593 250 917 421 914 372 736 584 651 688 519 523 651 934 850 628 1060 391 793
624 634 139 721 453 683 217 745 338 185 824 449 325 572 854 801 140 709 754 764 527 496 0 512 534 301 159 814 108 495 352 705 456 205 721 481 416 319 662 328 719 714 562 524 166 690 371 194 734 178 504 554 409 611 226 675 530 497 729 814 536 42 677 406 354 753 797 767 124 350 652 97 546 652 481 140 230 236 634 114 707 859 590 424 766 184 564 180 715 370 831 306 292 106 304 487 678 335 247 471 845 229 689 323 412 642 148 168 466 219 595 254 345 1006 787 363 849 747 509 612 142 552 388 546 673 640 748 336 858 647 257 677 461 217 533 442 506 535 288 591 361 174 232 507 293 638 782 401 555 757 105 800
767 219 645 976 388 959 500 584 835 342 875 505 378 152 925 651 372 573 1103 630 662 45 512 0 171 213 382 929 423 902 185 1044 768 309 1020 31 294 823 874 553 1026 1104 275 970 406 653 840 357 993 595 64 476 309 613 394 471 752 950 958 1023 618 482 899 496 758 539 622 920 434 742 954 609 536 817 49 383 723 566 133 626 1103 1181 1006 365 727 617 878 343 1097 778 871 493 373 476 806 521 1026 552 753 526 742 302 662 835 455 689 476 611 746 331 291 557 167 859 832 788 742 751 774 602 654 155 539 715 1037 731 805 223 1152 412 313 1059 119 593 210 924 389 907 362 712 570 673 713 490 514 619 907 852 601 1044 408 757
632 99 649 856 253 845 449 413 820 349 717 378 294 52 768 479 402 403 1005 459 533 213 534 171 0 285 379 780 428 834 188 945 678 359 909 167 178 854 749 468 918 1021 103 917 388 490 805 345 873 659 235 320 195 460 351 299 638 900 832 889 481 495 774 381 701 368 450 778 426 682 847 622 387 683 211 433 710 511 264 639 1022 1072 937 240 562 588 780 400 1011 720 711 412 304 532 797 385 931 464 750 395 571 376 501 845 337 539 546 668 648 410 120 497 238 688 674 736 571 591 669 447 672 29 434 590 946 587 651 338 1036 241 284 974 89 548 40 892 237 826 297 575 476 707 759 346 437 461 760 808 457 929 441 591
690 377 437 865 358 839 338 631 632 151 842 437 277 306 886 697 163 607 959 667 580 194 301 213 285 0 193 872 223 732 111 903 627 96 893 183 268 609 776 422 897 945 356 788 225 646 647 181 881 386 203 469 274 584 241 530 643 765 856 931 554 274 797 410 585 609 678 847 242 572 824 399 504 734 180 169 520 400 332 416 942 1049 836 325 726 428 741 129 941 604 843 366 255 264 601 466 881 424 546 462 771 93 651 624 384 647 268 400 614 126 385 399 49 913 800 609 773 733 650 577 443 293 435 624 886 673 766 85 1031 482 169 902 197 417 303 728 388 750 242 640 448 459 500 455 377 600 845 666 551 922 196 759
547 478 271 693 304 663 152 600 453 42 727 328 179 420 764 659 76 567 771 624 440 376 159 382 379 193 0 737 50 539 205 716 443 121 712 350 258 476 613 254 714 752 403 595 36 565 458 35 708 316 389 412 251 491 88 522 478 573 690 770 431 117 633 288 391 602 652 701 51 378 642 242 418 585 361 127 341 210 512 259 749 865 642 274 644 236 557 134 749 410 731 208 146 198 426 364 692 258 375 352 713 169 567 466 281 535 231 315 436 186 435 213 223 870 688 415 716 635 475 489 292 399 291 473 695 546 650 261 851 491 98 710 312 223 376 541 355 558 138 504 285 333 390 374 209 514 707 474 442 744 96 678
190 816 789 251 541 290 603 465 778 761 110 436 594 827 78 438 813 440 463 420 296 957 814 929 780 872 737 0 757 549 788 423 411 846 339 909 638 978 196 489 358 554 689 652 702 311 689 723 260 988 980 460 624 320 653 544 294 663 203 178 319 784 201 461 563 540 477 71 723 549 339 811 393 164 948 863 749 578 1043 817 566 447 584 567 276 662 372 870 532 565 128 528 618 908 793 412 439 484 800 412 363 896 297 891 489 240 949 970 376 920 693 560 865 465 134 593 369 218 336 334 843 808 446 268 475 200 136 957 381 593 706 520 810 607 740 742 543 478 632 233 456 916 981 438 531 324 33 648 328 323 824 271
566 528 224 696 349 663 157 645 412 82 754 362 223 468 788 702 70 610 760 666 462 413 108 423 428 223 50 757 0 518 251 706 439 135 709 391 308 426 623 268 710 734 453 567 63 602 424 86 710 271 424 455 301 525 126 570 487 543 697 778 460 67 641 320 371 649 696 717 33 360 639 193 455 601 398 111 300 204 550 210 730 857 619 320 680 206 552 133 733 389 759 230 189 159 383 399 682 273 330 385 752 177 602 419 319 565 196 268 438 185 486 212 259 911 715 390 756 667 478 524 243 448 314 490 682 571 677 279 848 540 149 694 359 207 426 505 401 544 183 526 301 282 340 413 226 550 726 444 474 742 67 714
424 920 387 333 610 284 402 785 268 581 622 502 541 886 621 807 588 744 269 771 416 905 495 902 834 732 539 549 518 0 717 233 186 653 284 871 657 492 352 368 273 218 798 109 507 643 173 554 336 614 921 633 641 573 508 786 305 115 368 447 475 493 348 476 147 836 828 478 493 160 233 430 570 408 891 618 301 336 1035 424 212 381 104 607 681 315 176 649 220 129 638 422 535 600 297 521 201 372 332 501 790 695 632 389 519 537 640 586 232 698 823 344 758 942 609 132 796 628 247 587 432 863 418 376 185 488 572 797 400 797 589 182 803 315 810 198 657 74 544 441 366 494 545 571 397 604 518 125 517 323 572 703
614 286 476 807 257 786 315 521 658 169 750 352 204 220 795 587 216 498 923 558 504 191 352 185 188 111 205 788 251 717 0 864 588 171 845 154 162 671 710 373 850 921 246 786 224 544 657 176 824 471 209 366 171 488 209 418 583 766 793 863 469 315 733 333 573 497 567 770 256 557 777 444 408 660 177 245 547 380 318 461 919 1004 821 226 624 435 699 212 914 593 749 314 193 344 631 377 845 373 581 376 663 192 551 670 300 556 358 480 568 228 277 373 81 803 707 603 665 635 598 480 492 202 369 553 854 588 675 187 980 370 128 876 109 408 198 742 281 723 181 560 394 523 572 359 332 501 763 668 461 871 254 657
383 1016 612 172 696 139 565 787 500 755 522 573 666 997 502 789 777 750 60 759 435 1055 705 1044 945 903 716 423 706 233 864 0 277 836 85 1015 768 724 260 490 66 131 886 292 680 626 406 722 163 839 1074 681 751 578 664 821 314 316 220 269 499 695 240 563 352 852 819 353 677 355 105 652 607 342 1042 814 531 505 1175 648 143 153 199 705 637 521 165 839 108 339 541 550 671 812 530 577 32 491 565 562 744 882 612 621 608 515 853 813 298 891 904 504 919 875 525 353 751 576 275 594 659 974 510 379 61 454 500 976 167 848 742 103 934 500 913 415 731 173 683 426 473 725 778 626 532 603 401 358 537 113 768 649
253 757 395 265 439 227 290 599 368 481 464 324 392 731 473 621 508 557 335 585 230 779 456 768 678 627 443 411 439 186 588 277 0 563 270 739 500 569 224 215 271 342 630 294 407 458 283 447 277 613 797 451 483 387 387 602 129 292 277 364 289 438 233 303 151 650 641 348 407 138 200 426 385 251 765 549 342 234 901 427 344 422 275 442 501 278 114 571 332 155 478 275 395 561 382 339 257 217 390 320 608 611 447 480 348 354 603 590 46 623 652 229 642 764 444 183 615 451 75 400 448 708 246 195 268 311 405 702 409 616 465 296 661 240 650 349 482 151 407 260 202 520 583 389 255 418 378 247 330 303 503 525
659 455 342 813 369 783 273 659 538 86 829 422 262 388 868 722 68 630 891 690 550 291 205 309 359 96 121 846 135 653 171 836 563 0 833 279 295 514 731 372 835 869 412 702 157 649 557 124 828 300 299 482 295 581 194 567 596 678 809 888 534 179 752 388 506 647 709 814 160 494 763 302 503 699 277 76 426 330 429 319 865 985 755 335 730 342 678 41 866 524 831 322 232 174 506 456 812 375 450 448 787 49 653 527 371 634 187 310 557 75 444 333 142 938 788 526 790 728 595 576 346 371 401 587 814 652 752 144 972 526 149 827 275 339 369 636 410 676 220 613 402 364 407 455 327 601 817 579 539 865 99 764
317 975 642 88 657 67 560 721 551 750 440 532 642 962 418 719 779 685 126 690 385 1034 721 1020 909 893 712 339 709 284 845 85 270 833 0 992 735 774 188 472 19 216 843 361 676 559 456 715 78 867 1054 630 719 517 652 763 271 382 136 184 446 706 166 529 378 788 751 270 678 377 70 678 554 272 1022 820 568 505 1149 677 229 162 274 669 563 538 158 841 193 369 459 531 651 828 579 531 108 472 607 518 668 881 544 673 572 449 869 842 278 894 860 500 905 795 445 388 675 501 246 534 692 939 480 327 143 387 422 970 138 794 728 187 906 508 876 478 687 213 663 365 450 760 817 579 516 540 317 409 482 38 774 573
744 228 613 950 367 932 469 576 803 310 857 481 350 158 906 643 341 563 1074 621 638 49 481 31 167 183 350 909 391 871 154 1015 739 279 992 0 271 793 849 524 998 1074 268 939 374 637 808 325 967 567 72 459 286 595 363 464 726 918 933 998 595 450 873 470 727 534 616 898 402 711 926 577 517 793 44 353 691 535 164 594 1073 1153 975 342 713 585 849 313 1067 747 854 464 344 447 774 499 997 523 721 503 732 274 646 804 431 670 449 582 717 303 287 527 136 854 814 756 733 735 746 584 623 156 512 690 1007 710 787 200 1125 406 282 1029 100 561 203 892 372 877 332 689 542 643 683 470 484 601 886 821 580 1017 377 744
473 263 510 686 97 672 284 365 662 244 592 211 120 230 639 430 309 339 828 399 368 319 416 294 178 268 258 638 308 657 162 768 500 295 735 271 0 727 582 290 744 843 154 743 252 382 638 222 703 570 342 203 16 329 199 272 465 728 666 729 324 374 607 206 527 353 414 626 294 508 672 491 249 523 309 355 558 342 417 507 844 898 760 71 461 429 603 334 832 546 590 235 140 446 643 227 753 286 602 232 502 332 389 703 164 400 471 572 470 366 185 325 243 647 548 563 504 474 493 319 541 207 257 422 768 439 519 349 865 235 161 796 175 382 152 726 120 648 137 418 298 589 648 201 261 340 614 637 309 757 343 494
805 953 224 810 748 763 474 1026 224 505 1019 711 623 892 1036 1074 456 987 753 1036 735 801 319 823 854 609 476 978 426 492 671 724 569 514 774 793 727 0 792 557 764 673 878 449 475 940 318 511 817 257 806 835 718 858 529 972 686 421 835 920 766 359 799 667 418 1046 1078 917 434 430 716 236 809 816 787 440 230 450 937 220 662 867 544 724 1007 343 639 480 685 419 1031 564 594 351 195 747 692 565 178 728 1100 524 935 104 687 866 363 230 602 501 910 474 657 1264 991 394 1105 974 642 864 186 872 629 731 671 844 951 623 892 951 574 654 780 406 852 323 803 560 592 791 584 150 125 780 541 889 945 366 797 813 418 1038
130 806 616 111 495 122 465 533 586 645 275 372 506 800 269 531 686 498 312 502 215 895 662 874 749 776 613 196 623 352 710 260 224 731 188 849 582 792 0 359 204 385 674 456 577 370 495 607 128 828 916 452 566 332 539 579 135 467 83 156 271 637 25 379 374 601 562 127 589 362 159 644 376 83 883 733 566 426 1000 647 394 339 394 512 377 493 176 747 364 374 293 411 522 763 603 363 267 355 614 353 484 781 356 701 419 261 805 807 198 800 687 413 779 619 271 401 491 316 155 348 670 778 341 159 299 199 241 858 292 613 606 345 757 446 713 546 518 282 535 182 329 742 806 407 404 353 165 453 303 193 690 390
299 551 337 443 246 417 113 479 422 286 495 162 177 520 525 521 328 438 549 483 199 564 328 553 468 422 254 489 268 368 373 490 215 372 472 524 290 557 359 0 477 555 430 458 218 383 373 248 459 506 583 296 273 301 181 447 223 445 437 515 213 295 379 122 246 511 529 448 235 225 404 345 255 332 551 377 339 107 685 355 555 631 470 240 452 213 325 389 546 264 502 59 180 419 415 194 472 7 392 174 543 422 379 498 158 317 459 492 194 441 456 83 432 707 459 285 548 425 227 307 387 497 73 222 484 311 419 502 609 445 255 509 445 150 442 460 297 358 192 262 33 456 523 234 45 332 458 362 240 500 336 484
332 986 636 107 667 82 562 737 541 752 459 542 648 971 437 735 779 701 108 706 396 1040 719 1026 918 897 714 358 710 273 850 66 271 835 19 998 744 764 204 477 0 197 854 346 678 575 446 717 97 862 1060 642 727 532 656 777 281 367 155 203 459 705 183 537 373 804 767 289 679 372 73 673 567 288 1028 819 561 506 1157 671 210 154 258 678 581 535 157 842 174 363 478 536 656 825 569 543 90 477 598 529 686 883 560 662 581 465 867 837 282 895 871 501 910 813 464 381 693 518 252 548 685 948 488 339 125 403 440 973 139 807 732 168 913 507 886 464 698 203 669 379 456 753 809 590 521 555 336 398 495 51 773 591
501 1099 602 303 781 267 609 901 453 794 652 662 732 1074 633 908 805 862 108 876 538 1111 714 1104 1021 945 752 554 734 218 921 131 342 869 216 1074 843 673 385 555 197 0 971 224 719 744 369 764 295 826 1128 780 826 689 713 925 415 252 351 398 602 712 367 645 364 963 936 484 708 374 225 646 708 465 1097 836 512 545 1237 639 14 209 131 785 761 534 252 866 23 346 671 613 732 818 489 671 117 557 534 654 868 912 730 569 690 632 857 797 376 916 993 549 967 1003 654 350 875 700 366 705 643 1050 589 485 86 573 626 1012 258 948 794 46 1000 529 993 350 821 197 742 539 544 701 746 722 591 716 531 326 643 240 790 775
552 132 662 784 190 777 437 309 816 381 620 312 273 141 672 376 443 299 946 356 460 315 562 275 103 356 403 689 453 798 246 886 630 412 843 268 154 878 674 430 854 971 0 888 402 391 790 367 801 705 338 229 167 368 353 196 573 874 756 808 403 520 699 326 674 267 348 692 443 654 785 641 302 603 312 482 712 493 363 658 974 1005 898 190 461 583 724 454 959 693 613 381 294 579 798 312 875 426 756 325 467 439 403 856 281 449 598 710 595 474 32 475 314 586 578 711 467 493 611 354 692 126 383 518 893 501 557 421 965 138 304 925 177 535 64 878 156 781 291 495 432 736 793 266 408 366 671 787 374 860 480 489
533 1006 398 424 703 376 472 892 231 638 729 602 623 968 725 915 635 850 310 879 524 969 524 970 917 788 595 652 567 109 786 292 294 702 361 939 743 449 456 458 346 224 888 0 567 752 156 615 424 614 984 735 727 681 578 888 415 29 463 537 582 530 451 572 216 941 935 581 546 235 324 444 674 516 955 657 303 407 1103 434 212 423 96 698 791 360 280 692 236 196 746 508 613 623 268 623 261 463 317 603 899 740 741 345 613 646 660 584 340 738 914 420 818 1052 717 183 906 738 356 694 433 944 514 486 233 598 681 845 457 896 657 207 879 377 896 127 753 174 621 551 460 485 525 672 481 712 622 123 623 398 613 813
513 486 262 657 287 626 116 582 435 75 695 299 160 432 731 639 110 547 736 603 406 402 166 406 388 225 36 702 63 507 224 680 407 157 676 374 252 475 577 218 678 719 402 567 0 539 434 48 671 334 416 392 244 463 62 509 441 545 654 734 400 123 597 259 360 588 634 666 41 346 606 239 392 549 388 160 324 175 537 255 716 829 611 259 617 211 521 170 715 379 700 174 127 222 410 336 657 222 362 323 689 205 540 457 255 504 257 330 400 222 435 177 251 848 656 385 693 606 438 462 289 410 257 438 661 514 618 295 815 482 103 676 327 192 381 518 340 524 122 470 250 337 397 349 174 488 672 447 413 708 124 651
243 512 720 478 288 492 479 163 789 575 230 241 389 532 283 165 638 131 682 132 228 687 690 653 490 646 565 311 602 643 544 626 458 649 559 637 382 940 370 383 575 744 391 752 539 0 722 539 494 868 710 179 373 82 478 232 340 751 437 462 178 651 393 284 581 234 192 335 573 560 521 725 147 287 679 690 719 490 754 736 751 706 720 320 80 597 499 683 725 593 222 386 421 761 789 203 628 375 772 219 160 694 15 877 284 111 796 859 411 725 390 466 625 324 188 621 165 101 398 78 769 516 311 267 658 172 175 729 651 283 500 700 537 533 449 799 267 593 432 206 356 836 903 194 404 52 302 695 143 561 661 114
536 898 242 497 616 449 355 843 95 500 748 532 517 853 755 876 489 801 439 839 495 834 371 840 805 647 458 689 424 173 657 406 283 557 456 808 638 318 495 373 446 369 790 156 434 722 0 482 503 458 847 668 624 644 455 820 411 128 527 610 543 381 497 495 141 882 890 622 407 161 401 288 619 534 820 507 147 296 970 278 360 552 238 604 774 222 329 544 378 130 762 412 501 468 123 561 374 380 164 540 878 592 713 216 531 627 504 429 326 588 818 314 682 1039 727 101 884 729 358 654 276 831 441 472 355 590 688 699 574 819 531 343 757 256 788 88 669 243 507 538 387 331 377 606 384 676 657 47 582 495 464 801
534 444 304 691 272 663 157 569 482 38 708 305 150 387 747 628 98 536 778 593 426 354 194 357 345 181 35 723 86 554 176 722 447 124 715 325 222 511 607 248 717 764 367 615 48 539 482 0 706 350 368 382 217 466 69 488 472 594 685 763 412 153 628 268 407 568 620 690 81 393 645 277 392 574 339 150 370 219 488 294 762 869 657 241 619 260 561 148 760 427 712 197 118 229 456 340 700 251 406 330 684 174 541 500 256 515 260 349 437 197 400 218 204 840 668 433 688 612 474 463 327 366 276 462 705 529 631 255 853 456 63 721 281 239 341 567 322 569 108 489 277 369 426 346 203 489 693 496 420 745 125 653
258 933 667 17 619 54 556 658 598 743 363 495 619 925 339 651 778 623 203 624 341 1011 734 993 873 881 708 260 710 336 824 163 277 828 78 967 703 817 128 459 97 295 801 424 671 494 503 706 0 889 1032 581 687 460 640 707 241 442 60 112 398 715 103 497 407 727 684 192 678 402 102 701 505 209 999 822 602 507 1120 701 307 212 343 635 493 555 179 840 271 401 382 515 631 839 622 489 183 457 644 478 596 877 479 718 539 387 881 865 272 893 815 498 889 719 370 424 603 430 233 477 719 903 454 283 218 325 349 961 164 742 713 264 877 517 838 534 644 262 644 311 433 790 849 534 504 480 240 456 431 67 777 501
799 756 227 878 620 836 395 916 391 326 1001 627 494 688 1030 973 262 881 882 937 705 567 178 595 659 386 316 988 271 614 471 839 613 300 867 567 570 257 828 506 862 826 705 614 334 868 458 350 889 0 568 726 566 789 396 838 699 585 890 976 714 217 841 583 489 918 967 938 296 490 800 188 723 825 554 225 313 409 697 190 817 992 695 590 944 335 713 259 831 500 1009 485 461 127 352 664 809 513 298 649 1021 293 867 318 587 820 118 30 630 264 738 428 435 1181 966 486 1025 926 673 790 182 672 567 721 798 817 926 381 1000 805 408 795 576 382 667 506 671 666 454 768 539 133 132 682 472 816 955 499 734 904 226 978
813 283 641 1015 439 995 519 647 835 347 930 550 412 217 978 714 366 635 1132 693 706 23 504 64 235 203 389 980 424 921 209 1074 797 299 1054 72 342 806 916 583 1060 1128 338 984 416 710 847 368 1032 568 0 532 356 667 414 534 791 962 999 1066 665 477 940 537 775 603 686 968 440 760 987 602 589 862 32 368 723 585 130 618 1126 1214 1025 413 786 626 909 327 1122 795 926 524 403 455 804 569 1055 583 749 572 804 282 719 826 499 741 450 587 778 306 356 579 165 923 886 802 804 808 808 656 645 220 577 757 1063 781 859 187 1189 476 334 1084 172 608 273 929 444 931 391 758 603 656 691 541 542 674 957 863 651 1080 399 816
326 359 611 563 113 562 361 192 719 414 399 136 232 366 449 247 480 155 740 211 246 509 554 476 320 469 412 460 455 633 366 681 451 482 630 459 203 835 452 296 642 780 229 735 392 179 668 382 581 726 532 0 195 140 329 152 367 727 532 580 183 512 477 174 534 215 243 463 430 513 577 606 76 377 501 530 630 393 584 619 785 789 726 147 258 500 528 518 765 551 394 273 266 610 710 112 674 289 682 132 304 525 187 788 148 220 642 721 409 557 237 370 447 458 355 575 307 275 414 126 654 348 226 303 697 272 331 552 745 167 334 733 359 439 280 753 87 601 274 270 281 714 779 63 298 142 442 653 149 643 508 291
458 278 499 670 86 656 270 363 649 240 580 195 106 247 627 427 306 335 811 395 353 333 409 309 195 274 251 624 301 641 171 751 483 295 719 286 16 718 566 273 727 826 167 727 244 373 624 217 687 566 356 195 0 318 189 274 448 712 650 713 309 366 591 190 511 354 413 612 285 492 655 481 237 507 323 353 545 327 433 497 827 881 744 57 453 416 586 334 816 531 578 219 127 443 631 213 736 270 590 217 497 334 379 691 147 388 469 566 454 368 197 310 252 643 537 548 499 464 476 309 532 224 240 406 751 425 507 356 848 239 157 779 190 368 169 712 115 631 126 403 281 581 641 188 245 330 600 622 295 741 339 486
202 497 639 443 231 450 398 213 709 503 263 163 318 507 311 234 564 173 636 197 157 644 611 613 460 584 491 320 525 573 488 578 387 581 517 595 329 858 332 301 532 689 368 681 463 82 644 466 460 789 667 140 318 0 402 246 277 679 407 447 100 572 356 205 503 273 254 326 496 482 473 644 80 251 636 616 637 408 724 655 696 672 655 262 155 515 439 612 672 516 260 306 349 685 708 126 577 293 691 139 241 627 78 796 210 80 721 779 341 656 374 384 569 406 219 543 247 148 332 16 687 488 229 204 604 138 192 669 622 284 431 644 495 451 420 722 224 528 361 152 274 754 822 129 323 32 302 619 62 525 586 188
465 447 310 625 226 598 106 520 469 108 640 240 98 398 678 576 163 484 721 540 356 397 226 394 351 241 88 653 126 508 209 664 387 194 652 363 199 529 539 181 656 713 353 578 62 478 455 69 640 396 414 329 189 402 0 449 404 559 618 695 344 184 560 200 364 526 571 620 102 348 583 292 330 505 383 215 361 171 527 308 711 808 612 198 556 237 500 217 708 384 644 128 66 283 447 276 643 184 403 264 626 243 479 503 194 447 318 392 373 266 384 164 255 785 600 395 630 547 409 401 343 376 207 393 650 460 563 320 790 423 80 669 302 201 338 542 279 516 63 419 209 395 457 287 136 427 623 463 354 681 183 591
449 293 748 690 224 695 500 114 867 514 459 288 351 330 512 180 580 112 879 162 387 511 675 471 299 530 522 544 570 786 418 821 602 567 763 464 272 972 579 447 777 925 196 888 509 232 820 488 707 838 534 152 274 246 449 0 510 880 654 689 323 632 603 324 687 80 152 564 550 666 715 737 217 498 508 627 775 539 551 752 931 918 877 250 286 643 673 607 909 704 449 417 382 716 856 264 817 439 825 285 274 602 247 931 292 322 743 838 559 637 181 516 495 391 419 728 273 331 560 230 787 319 379 442 841 383 408 603 869 59 431 879 370 585 261 905 169 751 387 398 434 843 906 216 444 228 533 806 283 772 613 309
124 705 495 224 386 207 330 490 494 510 337 261 378 690 350 505 551 450 374 471 123 770 530 752 638 643 478 294 487 305 583 314 129 596 271 726 465 686 135 223 281 415 573 415 441 340 411 472 241 699 791 367 448 277 404 510 0 417 213 292 187 503 155 258 276 549 529 239 454 259 211 519 294 130 758 598 456 293 881 523 420 433 379 398 376 368 163 612 399 282 350 277 391 629 505 263 307 220 507 248 484 645 328 602 301 232 671 680 85 664 591 278 649 638 315 311 490 324 58 291 549 668 213 72 331 183 276 724 400 534 474 369 637 316 605 478 418 253 404 135 195 621 687 312 269 306 261 376 228 292 555 398
537 990 370 441 691 392 454 888 202 615 737 593 607 951 735 913 610 846 336 876 522 948 497 950 900 765 573 663 543 115 766 316 292 678 382 918 728 421 467 445 367 252 874 29 545 751 128 594 442 585 962 727 712 679 559 880 417 0 478 554 579 505 462 561 200 935 932 592 523 220 340 416 668 523 933 632 275 389 1082 406 241 449 123 685 793 337 290 667 264 181 753 493 596 596 239 615 284 451 288 595 900 715 740 316 602 647 632 556 339 713 901 403 796 1055 723 164 907 741 358 691 404 928 504 486 257 601 687 821 481 887 637 234 860 357 880 100 742 185 604 552 450 456 496 664 466 710 633 99 620 419 588 816
206 888 673 48 578 89 540 601 621 723 303 455 588 883 282 592 762 567 262 566 298 978 729 958 832 856 690 203 697 368 793 220 277 809 136 933 666 835 83 437 155 351 756 463 654 437 527 685 60 890 999 532 650 407 618 654 213 478 0 86 353 707 59 462 419 671 626 133 664 411 141 703 456 156 966 808 614 497 1083 705 363 268 388 596 433 555 197 824 328 416 322 490 603 832 642 446 236 434 660 437 536 858 422 740 502 332 874 868 262 876 768 485 861 659 310 441 543 371 220 424 726 862 424 243 271 270 289 938 214 691 687 317 840 512 796 566 600 294 616 261 408 797 859 489 482 426 181 481 383 127 764 441
257 939 759 113 638 162 621 624 704 802 288 518 659 939 253 606 843 594 298 584 360 1045 814 1023 889 931 770 178 778 447 863 269 364 888 184 998 729 920 156 515 203 398 808 537 734 462 610 763 112 976 1066 580 713 447 695 689 292 554 86 0 408 791 137 529 505 697 643 128 745 497 213 790 505 206 1033 889 700 580 1145 791 412 269 455 658 443 641 281 904 375 501 307 567 676 916 726 504 292 512 745 497 538 937 447 824 567 367 958 954 347 956 817 567 933 643 307 526 544 381 304 463 812 918 496 309 327 309 296 1014 203 731 761 372 904 597 852 645 653 372 690 313 486 884 946 543 561 460 169 563 433 158 846 444
151 535 550 381 230 379 319 309 610 451 295 117 276 531 334 334 507 268 558 297 64 643 536 618 481 554 431 319 460 475 469 499 289 534 446 595 324 766 271 213 459 602 403 582 400 178 543 412 398 714 665 183 309 100 344 323 187 579 353 408 0 499 296 145 403 363 352 302 428 382 394 558 108 201 632 559 542 319 738 568 608 606 560 252 240 423 350 560 586 416 299 230 302 618 610 96 494 205 596 93 337 582 171 700 170 106 656 702 243 609 416 296 546 501 256 443 343 212 239 112 600 510 147 120 518 119 218 639 563 349 389 556 498 360 444 622 247 433 315 94 182 669 737 136 242 132 293 518 41 460 524 272
593 595 163 702 410 665 182 703 358 147 789 410 282 534 821 759 111 667 746 723 494 468 42 482 495 274 117 784 67 493 315 695 438 179 706 450 374 359 637 295 705 712 520 530 123 651 381 153 715 217 477 512 366 572 184 632 503 505 707 791 499 0 653 366 349 711 755 739 82 341 637 128 506 623 453 126 247 210 606 145 706 848 591 382 727 178 548 162 712 365 796 268 250 125 326 447 669 301 271 432 804 210 650 355 371 605 167 209 444 207 553 225 315 965 753 362 809 710 487 573 177 514 352 516 666 606 713 318 844 605 216 673 424 198 493 457 463 527 245 558 328 215 274 466 257 599 752 407 517 741 83 761
154 831 627 87 520 101 484 556 589 665 287 396 529 825 276 553 705 521 291 524 240 918 677 899 774 797 633 201 641 348 733 240 233 752 166 873 607 799 25 379 183 367 699 451 597 393 497 628 103 841 940 477 591 356 560 603 155 462 59 137 296 653 0 403 380 625 585 130 608 370 143 656 401 106 907 752 574 443 1024 659 378 315 384 537 398 506 172 767 346 379 306 432 544 779 608 388 250 376 621 378 503 801 378 706 443 285 821 820 211 819 712 430 802 635 286 406 510 336 168 373 681 803 364 184 283 222 259 879 267 638 628 329 781 460 738 544 543 277 557 207 350 753 816 432 424 377 172 454 328 169 708 409
280 454 443 481 136 465 196 361 544 306 440 44 133 434 480 407 364 320 623 369 171 515 406 496 381 410 288 461 320 476 333 563 303 388 529 470 206 667 379 122 537 645 326 572 259 284 495 268 497 583 537 174 190 205 200 324 258 561 462 529 145 366 403 0 364 390 411 437 290 343 466 444 143 327 504 416 457 220 622 456 647 691 574 141 360 327 399 416 633 382 443 104 157 480 535 81 550 114 509 65 440 437 283 615 45 247 517 574 269 463 349 196 406 603 400 404 445 347 287 206 490 411 58 220 567 264 363 495 658 325 244 598 379 265 350 581 181 455 170 229 111 554 621 114 126 232 434 482 153 550 383 394
400 790 263 398 492 353 258 705 218 434 613 399 407 752 624 736 441 663 399 699 354 760 354 758 701 585 391 563 371 147 573 352 151 506 378 727 527 418 374 246 373 364 674 216 360 581 141 407 407 489 775 534 511 503 364 687 276 200 419 505 403 349 380 364 0 746 751 499 345 21 313 301 481 403 746 472 195 193 892 298 359 506 250 484 633 171 228 502 363 19 627 293 397 461 230 425 323 252 241 404 737 548 572 328 404 486 501 463 190 552 701 204 612 898 590 40 743 589 226 513 313 728 308 333 318 451 551 649 511 690 445 324 664 168 680 220 543 180 406 398 253 383 442 471 266 535 530 118 441 416 426 660
471 346 822 711 300 721 573 75 934 594 444 350 428 392 497 125 660 103 909 124 426 581 753 539 368 609 602 540 649 836 497 852 650 647 788 534 353 1046 601 511 804 963 267 941 588 234 882 568 727 918 603 215 354 273 526 80 549 935 671 697 363 711 625 390 746 0 87 569 628 725 746 813 267 518 578 707 845 608 609 828 969 939 923 329 267 714 712 687 945 762 431 487 460 796 925 321 851 504 896 342 225 682 249 1002 361 339 824 917 605 717 247 585 573 320 408 787 223 322 602 258 863 384 441 477 877 402 404 681 885 129 511 917 444 654 331 966 247 797 465 426 495 920 983 277 513 248 534 865 322 794 693 282
